# Status file for ctqmc. Used to save all times t_s, t_e.
2
51
0.239517054077074 0.2183966465048144 0 0
1.910427130263784 1.500471081704359 0 0
6.244005908282158 5.639143396255164 0 0
6.929383022563507 6.501205665258444 0 0
6.981814494960576 6.935195532981501 0 0
9.498955389675089 9.369822049054482 0 0
10.62358689885802 10.59287764062626 0 0
15.85530678629079 14.24119628961137 0 0
17.63238361436209 16.86145748757005 0 0
20.32360351040032 18.96085691810128 0 0
24.99310774585522 24.30056777174834 0 0
26.04367687165853 25.12064554494468 0 0
28.54654486181743 26.78777126746712 0 0
29.70646444314461 29.6866282600107 0 0
31.82056321111086 31.73862995870959 0 0
34.05639196043716 33.69959021316894 0 0
34.81250626196901 34.71694897714642 0 0
37.38841484212782 37.38350494686277 0 0
38.7641460363638 37.83143840629582 0 0
38.87439961443951 38.77795399746557 0 0
40.59562096057282 40.35926023427253 0 0
42.01809796577918 40.96101323094619 0 0
44.61850145134787 44.47878000198944 0 0
45.45889751149873 45.45002768430561 0 0
47.7288801377459 47.44228003717204 0 0
49.71256557625836 48.77100500519336 0 0
51.90733044514982 51.34546676723934 0 0
53.35401421360015 52.99356610465529 0 0
56.16224602565509 55.46661847201669 0 0
58.44298881752081 58.30713677484779 0 0
59.86209011689437 58.73812085953808 0 0
65.45808001121644 64.62672913563732 0 0
69.03848811412136 68.96467072198681 0 0
69.82124902468212 69.38368554267765 0 0
72.71074945426119 72.66131774011242 0 0
77.19313807976788 75.17054322141843 0 0
77.54241852488212 77.22163164698181 0 0
78.90391840138244 78.79217669965902 0 0
79.7222035624463 79.09076900884573 0 0
83.73916702131096 83.44336022173493 0 0
84.60715827075514 84.02699844098316 0 0
88.25950046944567 87.39715912152855 0 0
89.49078960390199 89.22630273986985 0 0
89.79718294504724 89.62440305610646 0 0
89.85749343134199 89.81954355022542 0 0
90.83803952977567 90.75531893211263 0 0
93.39720210552447 92.73111883050416 0 0
94.95001032094842 94.50487021490223 0 0
96.50054776377515 96.25236173482574 0 0
98.91615086016751 98.65348666650792 0 0
99.136911240679 99.06449544682222 0 0
45
0.1836645261390828 0.6810723584995628 0 0
2.05744301441974 2.304440018634569 0 0
4.006326490337413 4.171502440849959 0 0
4.45190495210717 4.552271343643752 0 0
6.558586986062174 7.416483180541605 0 0
7.973588368408437 8.048296631463556 0 0
8.324319668887087 8.337364553531517 0 0
14.83065615020396 14.84067833014888 0 0
15.276263817968 15.39355297847706 0 0
18.3551793662439 18.66401665313197 0 0
19.3792489729004 20.53950625244677 0 0
20.73764608788719 20.95216398365208 0 0
24.20882011873412 25.04395650983269 0 0
25.25385396167195 26.60105255655538 0 0
26.74249089905511 28.10329850570354 0 0
33.06365833316758 33.73148701815649 0 0
35.12774118679926 35.9701411919476 0 0
37.29651205678351 37.50572644354276 0 0
37.76078875611653 38.11897885077136 0 0
38.32671680782115 38.63461209679912 0 0
39.47560564151273 39.49189956503655 0 0
39.60151248058633 41.48979132142367 0 0
47.46872275618697 47.55848164092505 0 0
48.11621370254702 48.41429264092795 0 0
50.75392733018963 50.8694790886962 0 0
56.69404903908899 56.78230149404056 0 0
56.8662557701041 56.87153423994695 0 0
59.24549298092007 59.32768095943897 0 0
61.6625661971387 61.78493581130949 0 0
62.41698924869024 62.53672209089286 0 0
62.92667995566544 63.13368201588853 0 0
63.21364716812283 63.3986755813895 0 0
63.61403272521451 63.69011330015705 0 0
63.9860774648575 63.99691449755798 0 0
68.93700617360396 69.81055536184203 0 0
71.21859389843048 71.42615460832452 0 0
72.30154420433483 72.35222737249691 0 0
74.21271328734107 74.35743568203031 0 0
88.0969892684116 88.26295416079739 0 0
89.50964990936353 90.34926777020829 0 0
94.47151428576527 94.62110910279124 0 0
94.99894319866608 94.99948938796673 0 0
95.69580976752779 97.2408279072142 0 0
97.40889802458641 97.83722570390179 0 0
99.75925427369069 99.80176274348051 0 0
