# Status file for ctqmc. Used to save all times t_s, t_e.
2
35
1.021590445937868 1.07048757382071 0 0
2.60834535224883 3.090105791088298 0 0
7.492425323214809 7.809693920503942 0 0
8.021412998433053 8.144441386525028 0 0
8.492934031470506 8.607767845716502 0 0
9.848376803582454 10.15429091349146 0 0
13.04070891952994 13.15587906741238 0 0
13.75896991689234 13.82279439279033 0 0
15.05083283714114 15.8425019215542 0 0
20.42789727349378 20.8548310034881 0 0
21.39781023840893 21.43624792845682 0 0
24.5271006797969 24.89906278714201 0 0
25.10688347340557 25.21653127887668 0 0
28.38108564444025 28.41673209559421 0 0
28.91553067456171 30.9938736783743 0 0
31.05485432921199 31.06896169663498 0 0
31.08341216964233 31.14239948303845 0 0
42.09578970238186 42.29378256352621 0 0
45.27719443634395 46.49242947902667 0 0
55.1682048438429 55.91241328364962 0 0
57.8790790390524 58.36100492955398 0 0
58.40504279832532 58.62464031531651 0 0
58.8720348440358 58.90341624542326 0 0
59.14312742382135 60.6226784413618 0 0
61.10962338708113 61.21419790601024 0 0
65.35433581100081 65.38798489513154 0 0
67.25051537392416 68.25113946444512 0 0
68.64302885183014 68.96022433538853 0 0
69.24881885360033 69.47774651801134 0 0
81.9539875405341 82.78085783664736 0 0
83.76585293155304 84.50211028206772 0 0
85.60205726797692 85.67559952770969 0 0
89.00540480996105 89.0498185276919 0 0
92.80323950187915 93.08717872224865 0 0
95.44113180781828 95.45001235085921 0 0
46
1.792936845633329 1.194625804923356 0 0
2.222857686584217 2.104590302968476 0 0
2.526084087682645 2.433103396555432 0 0
2.795346069791846 2.743895166495098 0 0
11.62195387356494 11.25726747546731 0 0
14.86186916556647 14.77029447533118 0 0
15.40065161704588 15.01124345865417 0 0
19.16714987440409 18.79086670430046 0 0
19.59070796357252 19.47655371162397 0 0
21.10677887272598 20.83302627142279 0 0
22.07471967876306 21.13176513461376 0 0
23.1862202102571 23.15117902723039 0 0
23.56119385000821 23.47327326964067 0 0
24.25098626178501 24.17820416568146 0 0
30.53628290415698 27.73463845935062 0 0
31.58596127252106 30.55898782839711 0 0
35.96804952522312 35.64254481604287 0 0
38.81790019042818 38.67067875409085 0 0
40.14905947897766 40.14409834891639 0 0
40.89407977862186 40.81370708187926 0 0
41.36010847415923 41.09725787455341 0 0
41.5264765938642 41.42115186679654 0 0
58.70753912208015 58.59075530750405 0 0
60.21011072570691 59.95874815010141 0 0
60.9500933345229 60.51873788980055 0 0
61.39460553670153 61.27214392238679 0 0
62.60575413630718 62.35394689496228 0 0
67.90743758053961 66.88052705274018 0 0
69.22081595160886 68.29654429715943 0 0
70.13261996426706 69.82925675714908 0 0
72.91721102746139 72.89911997362287 0 0
74.74486775027925 73.81196008340947 0 0
75.19159520179394 74.77132035271829 0 0
76.39586898314235 76.33495971210064 0 0
77.69559636642067 77.51974609871056 0 0
80.21595501030386 79.61968442456183 0 0
81.43525642945114 80.27915425531789 0 0
82.58116653894994 82.52950518927513 0 0
84.10498060802402 83.05857057556958 0 0
84.66064715718412 84.22004878372503 0 0
87.2016461048063 86.94438030687475 0 0
91.93368150008168 91.87103178273328 0 0
92.18019663781078 91.95650503500813 0 0
93.83071093899449 93.77098153724265 0 0
93.97620173008694 93.94199996293759 0 0
98.02177503535931 97.38230794283393 0 0
