# Status file for ctqmc. Used to save all times t_s, t_e.
2
44
3.029821446863613 1.562575684588226 0 0
3.391510719500431 3.06561316461292 0 0
11.1894113605321 11.00179174587929 0 0
12.91491552653119 12.20366345374234 0 0
14.9596792450905 14.30883870769123 0 0
16.50275183517131 16.11850277142006 0 0
19.61747259728871 19.32671086155586 0 0
25.5908117800777 25.58109699760542 0 0
28.65620171261385 27.14273999738127 0 0
29.0924639723892 28.97999677019007 0 0
29.32146247257777 29.29655368746458 0 0
29.98713252669691 29.82277864666031 0 0
30.46581517444852 30.08053252912575 0 0
33.76678536550466 31.65346282242589 0 0
34.29709693315849 34.13999974645851 0 0
35.27116808179861 34.73541093673219 0 0
36.59188831902187 36.06355960099496 0 0
39.59733616015527 38.9211740083547 0 0
40.97732342507386 40.84560366255472 0 0
41.39775190031954 41.00538928811825 0 0
42.08426330113291 41.6139484720673 0 0
45.72273740860865 45.42515334140372 0 0
45.8745982026773 45.83669556987268 0 0
48.09977737919336 47.51458958358143 0 0
55.05140306437628 52.27767584578096 0 0
56.36801830444215 55.11759945548753 0 0
58.63171826039777 57.04249109205653 0 0
60.1222572612327 58.76647659165473 0 0
62.78680502222753 61.26897547662183 0 0
64.23675364468536 63.75991236206333 0 0
65.21828449543831 65.21534927622525 0 0
69.15216091643684 69.10505126062897 0 0
69.48301248424303 69.25069644200229 0 0
74.25764979456744 73.20902090595393 0 0
75.22920647300302 74.86641033202773 0 0
81.09180115967825 81.04510895121028 0 0
83.74735468714212 83.6576641480209 0 0
85.54406466093087 84.5476561913962 0 0
85.72336459649127 85.56876063231789 0 0
86.30154884095113 86.24002842832296 0 0
87.00933581182228 86.55393183430564 0 0
93.41204822564065 93.19742074633713 0 0
94.29458773277585 93.65891932526016 0 0
95.47687158851915 95.46459429425848 0 0
52
1.660036093266102 2.342209649726491 0 0
7.835495133784566 8.033347885430492 0 0
8.409708624252389 9.160447649662364 0 0
12.70929746175895 12.78143324953794 0 0
13.94076430932378 15.10489188062793 0 0
21.54740924219618 22.35233920647115 0 0
22.53410504572382 22.57632751454681 0 0
22.89312295839915 23.67960967301217 0 0
23.74921358613954 24.17418206222036 0 0
27.28341754865268 29.04544175960703 0 0
30.52713125914524 30.80675660019935 0 0
32.28640261601886 33.8994937863737 0 0
34.47715428639796 34.47979468609712 0 0
37.21931726262634 37.47352281350663 0 0
37.56975729740101 37.76805302996003 0 0
39.04143523578174 39.67848265797361 0 0
40.6397589304451 41.34118192282003 0 0
43.0403133407145 43.84499552867278 0 0
44.34613157265505 44.63286317305141 0 0
44.67385803851019 44.89442272615153 0 0
47.87323933743708 47.97300665429287 0 0
49.95440094974012 50.42993033888758 0 0
51.03084933247073 52.7352753376014 0 0
52.75129081680597 54.1637754445653 0 0
55.25903466092921 55.30477386142628 0 0
55.56128369208025 55.69629502725145 0 0
55.75072518856469 55.87956995602754 0 0
56.54528006207995 56.57482210975483 0 0
57.50112677216502 58.08954391157882 0 0
58.13676368348171 59.44786130900558 0 0
59.72805545300895 59.75249486570993 0 0
61.81584458255419 63.04398158261363 0 0
63.8422909501132 63.8901873465063 0 0
64.42759518152666 64.60133829175777 0 0
66.02507117479861 66.36050337525297 0 0
69.07457024833396 70.12259292199172 0 0
70.1599966676972 70.3991756752178 0 0
71.3629413507494 72.45942458424994 0 0
73.08801474156208 73.24289934574587 0 0
73.68329316695309 73.88481998997254 0 0
75.03974485586383 75.50164462596828 0 0
75.80784902868818 75.82726088186625 0 0
78.50377845036928 78.69912668751395 0 0
82.01188623362317 82.73609761352647 0 0
82.98445328199014 83.07683045231538 0 0
84.95035185317738 85.68525072182797 0 0
87.21518591635984 87.31306914233394 0 0
87.31914711581588 87.35021084684209 0 0
87.41685009051567 87.7633426813767 0 0
87.94676642383187 88.20646126552168 0 0
89.12835016067601 89.40690308198349 0 0
95.23607292686015 96.39057678280258 0 0
