# Status file for ctqmc. Used to save all times t_s, t_e.
2
49
0.8002055763879099 0.4639036784952566 0 0
7.0784444340268 1.594988893056154 0 0
11.08225539410033 7.686824292088171 0 0
12.65523546700877 11.2909979534143 0 0
19.03665892161863 13.09472500092339 0 0
19.70564703972114 19.38711159723676 0 0
20.24479228485448 20.11216914261311 0 0
20.34717303831867 20.33120456592145 0 0
20.7494429710355 20.42906291698836 0 0
21.34351698978988 21.04727127376002 0 0
21.86068922337985 21.58682210076473 0 0
27.3789217977762 22.2968366796932 0 0
28.08998961177753 27.66403741146856 0 0
28.57027853904514 28.16206629399804 0 0
31.55746869366462 29.13129095297696 0 0
33.59869155903178 32.60074854798426 0 0
34.18254541213056 34.16332308643897 0 0
36.30026880669086 35.31350316358336 0 0
36.86670114419147 36.77528423232742 0 0
37.1145662975377 36.98912007059531 0 0
38.00351389412572 37.34658609349317 0 0
38.61323250695817 38.36985351156755 0 0
40.48733857317968 38.67326282761598 0 0
41.23090673830172 41.19110819558637 0 0
42.39225729697337 42.3412737534932 0 0
45.33227852427775 44.27832453756923 0 0
46.10401557679398 45.94069720146327 0 0
46.84233566294528 46.45349314742549 0 0
51.82015436717695 48.89070232917082 0 0
55.37466086402937 51.96758036268047 0 0
56.23322609076599 55.71632014062981 0 0
60.78364420186105 57.38307753794172 0 0
63.26845956834605 60.83792360926365 0 0
64.36575275734218 63.49595882788262 0 0
64.8200995746713 64.59204296575722 0 0
65.56046751519006 64.86458765971402 0 0
71.92824022344303 65.70142136525305 0 0
72.37542070535615 72.20105126462167 0 0
72.76507706965185 72.75577898342276 0 0
76.58617024358392 75.0747520249131 0 0
77.08797267124667 76.80584257020617 0 0
78.72460451821607 77.2045281707569 0 0
85.82385212950413 79.08416386688869 0 0
87.27862705565229 86.3075574544778 0 0
88.1463746240028 87.39713517211817 0 0
95.98714786221525 88.77275702290399 0 0
96.7770547672894 96.02925817608887 0 0
98.82780141808252 97.26070579067714 0 0
98.987445580599 98.89041990354242 0 0
44
0.697936450541448 0.6829362309152884 0 0
2.129475953567422 0.9688482601350046 0 0
4.676113427545325 4.618955604191725 0 0
5.390013763530196 5.20621659019381 0 0
6.427324873132869 6.186479854543986 0 0
8.33361721629686 8.32147949200986 0 0
10.9127733872047 9.695948961023531 0 0
13.16897797210459 12.79066564938132 0 0
13.7204206161135 13.71391512783162 0 0
14.36479213716584 14.33350162010539 0 0
14.96555718532102 14.83713082365823 0 0
15.62389403034927 15.24142086024597 0 0
21.51005080938016 21.36187988116272 0 0
22.11092775523531 21.57535774941212 0 0
22.93619115213734 22.83416419651079 0 0
24.86218443344416 24.63827849091647 0 0
26.15264523061369 26.10892058344054 0 0
32.48732627824734 32.02652844009992 0 0
33.27198471668791 33.00226909856432 0 0
34.52024693611489 34.40322200561956 0 0
35.4767645280435 35.44859273409524 0 0
36.84865870965962 36.74464498203132 0 0
37.29847398356345 36.94096647799486 0 0
38.36946803184684 38.16371764084952 0 0
40.62788191878242 40.25358672617785 0 0
41.28223918313959 40.78630640224143 0 0
45.4212570420027 45.2283075007514 0 0
45.53278185711056 45.52560620243007 0 0
48.98064892186328 47.5877419893752 0 0
51.24729249334737 50.99950736456108 0 0
51.6943502218137 51.66934863140095 0 0
52.90851159483764 52.07445923665527 0 0
57.0553011807909 54.67787537753049 0 0
58.55548037963171 57.47987549630357 0 0
59.35678530432877 59.25167526359929 0 0
60.01451056474242 59.84128425153072 0 0
73.57143318754812 71.84526342328925 0 0
74.49096571477058 73.71200190173219 0 0
74.88187938843252 74.60711471957507 0 0
77.19162592731881 77.08134107977298 0 0
77.8769454796353 77.85309823595762 0 0
82.8241940820147 82.62048533758306 0 0
94.188379849321 94.14425701329536 0 0
99.83819667038294 99.57280825184363 0 0
