# Status file for ctqmc. Used to save all times t_s, t_e.
2
48
1.940935593651238 1.862488689871322 0 0
3.132564849358503 3.052509333749135 0 0
4.727094924145465 3.908709513723804 0 0
13.98815418154565 13.85917641064107 0 0
16.32517840371981 16.15271129188228 0 0
17.31627653987853 16.49547480805158 0 0
19.20271116889936 19.01749552970372 0 0
19.81809075955815 19.77101378619202 0 0
20.27922784490719 19.86378493713944 0 0
21.15603106188635 21.06120676990782 0 0
37.16542973018908 36.96939073722094 0 0
38.49195952375301 38.27810786189089 0 0
41.63937739365853 41.3855770507753 0 0
44.29243756815591 44.18341559430457 0 0
44.53810874696291 44.4163024708421 0 0
45.14676509465169 44.78859510863794 0 0
53.57412626052692 52.64107439559812 0 0
54.20982496119068 53.64667362996328 0 0
55.36230522961473 54.92931008022786 0 0
55.88036199772242 55.43382322029405 0 0
56.91464009249282 56.49807648088231 0 0
60.32443490481244 60.27882028973963 0 0
65.46196733021536 65.10387700361302 0 0
65.60978917988275 65.5705087126058 0 0
66.76424512580256 66.693433089862 0 0
67.42702325605326 67.09158241576731 0 0
68.11278754521592 67.69762233151521 0 0
68.79649926890352 68.18153637332622 0 0
72.93502313953782 71.37453567281126 0 0
73.92798182838489 73.91856847391514 0 0
74.72014941229982 74.33194632993633 0 0
77.44068652919943 77.3074050868817 0 0
78.08517694821553 77.99148433815797 0 0
79.48972166205354 78.72939384273096 0 0
79.62504820909284 79.56484017258252 0 0
84.45756940864968 83.47967500222552 0 0
85.56346439176086 85.06100071426478 0 0
86.6407184058538 86.53091653476555 0 0
88.9746645498812 88.76679633449031 0 0
89.81031370861577 89.65945385589939 0 0
92.75629134930976 92.53789135287803 0 0
93.3135508061074 93.29922240975016 0 0
93.85428291837341 93.71481862314772 0 0
94.92197037773865 94.78615183877666 0 0
95.31017899466147 95.03374717914141 0 0
97.07024554826755 96.20573285708943 0 0
97.90090861039934 97.08738081403111 0 0
98.89927039804395 98.18512854995308 0 0
43
2.487031050501943 2.550969265721363 0 0
4.804016083844087 5.813043552920923 0 0
14.52390610309815 14.54608394026632 0 0
16.63538498831827 17.44572534955374 0 0
17.5817020362218 17.72643549847134 0 0
18.09967606364578 18.15487738784287 0 0
18.48535929692267 18.96673009001428 0 0
19.81902105524722 20.61568614509734 0 0
21.09959890713235 21.16030701719911 0 0
21.18580106215405 21.2770644338274 0 0
24.39623225265287 24.50725765549114 0 0
30.43931414632091 30.78421655886522 0 0
36.36400712737082 36.63565479009846 0 0
36.91193106244587 37.01836981619079 0 0
40.39257892719684 40.42267744242774 0 0
41.15795204468216 41.63373799769167 0 0
44.39427963956253 44.93132261244008 0 0
45.61611069196478 46.60424188224638 0 0
47.52941387921371 48.36585058079911 0 0
51.43839843650014 51.61961506289208 0 0
53.31828838061494 53.4094858959418 0 0
61.54965504542966 61.99394310249346 0 0
65.35569390690368 66.0415349896606 0 0
66.10738023857206 66.15413078704196 0 0
66.21556062232723 66.25275772879191 0 0
66.59309858177701 66.70091884047713 0 0
67.55511241207168 68.40464774663612 0 0
70.05605788049283 70.19338839873271 0 0
71.31109155240777 71.33835433851333 0 0
71.3935072484539 72.57141733283322 0 0
79.16523961585088 79.17220436236875 0 0
80.10854915959497 80.24197650422091 0 0
80.82678450191412 81.17355120064343 0 0
83.53827176624512 84.77698425566746 0 0
87.92919047115366 88.21933437130275 0 0
90.25390095314438 90.50819983491415 0 0
90.74904848105008 90.98318581070193 0 0
91.13037722567771 91.35887533687125 0 0
91.81691938736581 91.95571321842715 0 0
91.96038916643829 92.16471021189612 0 0
97.19825589178666 97.64366317238192 0 0
98.50230816613967 98.750488199594 0 0
99.15552404152677 99.72396067209188 0 0
