# Status file for ctqmc. Used to save all times t_s, t_e.
2
51
1.360967724742309 0.1157784626919778 0 0
4.261153552783477 1.857062132884431 0 0
6.962247573379747 4.283306240391822 0 0
8.394735776820374 7.017102850509891 0 0
10.89500793027378 8.432572085842432 0 0
11.94655611883001 10.971948721144 0 0
13.10991957831877 12.98085275454455 0 0
14.67379058103685 13.28686489857859 0 0
15.57327237761317 14.85519364202048 0 0
22.37323603214494 15.65823275281321 0 0
25.3379306186087 22.45147951616733 0 0
26.6665297785347 26.5804641584089 0 0
31.00690483697126 27.20883254830055 0 0
31.75874642209561 31.11315609419524 0 0
35.51603645878824 32.07180300178442 0 0
36.20518562068051 35.96807667406321 0 0
36.60598531528053 36.57352566876083 0 0
38.59208477244946 37.28981346201977 0 0
40.70344227802386 38.65207825979557 0 0
41.82522570690035 40.92842252855012 0 0
43.04574415815716 42.05244108565125 0 0
43.91813693868366 43.18233822030075 0 0
45.03885697626875 44.94194392181369 0 0
46.36651877359284 46.02898208854876 0 0
48.78741906312582 47.53303059297463 0 0
49.69499022192327 48.82232168489995 0 0
50.60994353999461 50.17308888527224 0 0
51.77625158962379 50.85828955504559 0 0
56.69441095249504 51.93483271831283 0 0
58.71798234402011 58.50257055216604 0 0
59.84274183857663 59.27340563389589 0 0
65.05883547540755 60.32149394596753 0 0
67.37673575052257 65.23616329628025 0 0
69.15850831456035 67.53541209889843 0 0
70.26149895833666 69.8204819382445 0 0
70.88675837733544 70.80246020570128 0 0
72.68727491798424 71.95492358297996 0 0
75.43706055343924 73.86153385967907 0 0
77.10870998932542 75.9308251173299 0 0
82.6656612597603 77.27830395965314 0 0
85.42001689598932 83.09351443630814 0 0
86.36012502491927 85.60522396845379 0 0
87.0236090947284 86.36606412441711 0 0
87.86666796956465 87.66824660965179 0 0
88.55653425369945 88.32630374626218 0 0
89.48556605351281 88.94672094929855 0 0
91.89924047827121 89.68156178531635 0 0
94.101307833249 91.99636386325851 0 0
95.31913275549627 94.27310382866898 0 0
97.39891373706675 95.50970076721292 0 0
98.78699462573942 97.94082349398983 0 0
44
2.087574341847684 1.046984914131571 0 0
3.371559661824848 3.345183496954827 0 0
12.62837344071316 12.44714052749482 0 0
13.18669443444269 12.93215660079823 0 0
18.59604554766486 18.28512163887022 0 0
19.28087526194915 18.7420304557277 0 0
19.78871726898172 19.73999695054462 0 0
21.8452659287505 21.01724228432296 0 0
22.63299937066046 22.00823021604484 0 0
26.55943224228387 25.19951684886214 0 0
27.50602444712659 27.44215589221061 0 0
35.5479217718351 35.12116578044282 0 0
40.72235780722438 40.15511803585075 0 0
41.25548113839621 41.1562826369804 0 0
45.80171471438486 44.80466772962806 0 0
46.4422982559085 46.20318077690413 0 0
48.02834007401498 46.4776879813475 0 0
49.55258060421288 49.13940341747146 0 0
50.39752382674742 50.24839506464072 0 0
50.88390386970199 50.6206058133119 0 0
54.21834514609018 53.85072153793121 0 0
54.51090437086552 54.46315334786895 0 0
58.47610808186894 58.28379336139767 0 0
60.16486569068061 58.88104925874227 0 0
65.03344344444707 63.27462396113108 0 0
65.39974982659011 65.27347854046195 0 0
67.16304591304545 67.00596351849754 0 0
69.01521310941224 67.74681633286879 0 0
70.96267937090333 70.89498627686096 0 0
71.97949633007028 71.65110446165528 0 0
78.68703739784667 76.80215071475223 0 0
83.62838817842993 83.59334895436129 0 0
84.70087187659726 84.61913239057176 0 0
86.3690402022753 86.32320275208039 0 0
88.95994946892887 87.84677568656468 0 0
94.68461486570816 93.835504000979 0 0
95.21941210943227 95.18408129790389 0 0
95.99071966258215 95.66858684532326 0 0
96.79514043938666 96.57934188627799 0 0
97.36550101732692 97.23781023425228 0 0
97.69363784049469 97.43242177240523 0 0
98.02834751278597 97.99812591404086 0 0
98.21393863447292 98.18147976183201 0 0
99.4829135837368 99.10193088025885 0 0
