# Status file for ctqmc. Used to save all times t_s, t_e.
2
39
3.9914172522606 6.00499993989331 0 0
6.368102286983072 6.703806550857416 0 0
6.943372715902573 7.423972007049547 0 0
10.05363475732767 10.57415369684952 0 0
13.37109952541396 13.88597959450178 0 0
15.21584587819868 15.4964514800505 0 0
24.82427204511552 24.94952199880984 0 0
29.96666969774671 30.0801318861542 0 0
30.11870225580417 30.21871440548705 0 0
31.58051543794148 32.42869129117238 0 0
34.96887944028728 35.60750605591173 0 0
36.0202294845221 36.02153376241395 0 0
37.75778661605901 37.92375687463542 0 0
38.97472486841117 39.17520727630742 0 0
39.30155741186495 39.68429583137411 0 0
43.38330279514516 43.77054942094492 0 0
46.11068312605019 46.27583878876957 0 0
47.48683829773664 48.0035296157907 0 0
49.17034435958495 49.3072065287455 0 0
52.94304328014825 53.43355705459194 0 0
55.03069712726084 57.09980632436724 0 0
57.30791309964832 57.47500763571593 0 0
57.65776673268098 58.07640914791714 0 0
58.67062599664416 59.51379157900912 0 0
60.81590449554008 65.64458449601871 0 0
65.91079393816224 66.57289586904197 0 0
66.86256132486648 67.46428179494927 0 0
71.68078886993787 73.77149119145874 0 0
73.9214984074891 74.59140479452887 0 0
74.91846310839739 74.97090821967801 0 0
79.51678712043937 80.03818042257187 0 0
80.16988763624883 81.13323797395141 0 0
85.03691443475299 85.66251848520307 0 0
86.12162072255003 86.76028124261829 0 0
91.8296984940976 92.09844903754116 0 0
92.32784485262835 93.16748802160302 0 0
94.1267602355128 94.96908649228487 0 0
96.64648821960229 97.50314650930818 0 0
97.98324397897802 98.0836431324263 0 0
40
1.583840325739987 0.9702843279683092 0 0
5.528086640110554 2.854942018290358 0 0
5.9720764389471 5.712891760622402 0 0
7.147269388453059 7.071078128978411 0 0
9.538102871234456 9.498408401166232 0 0
10.47411073132097 9.919117082568066 0 0
15.88012093730869 15.21930114507799 0 0
19.63447854068623 19.42597044480517 0 0
23.97849503114679 23.96522475158085 0 0
25.62015723513149 25.37975172678734 0 0
28.82893583280512 27.91025038753396 0 0
29.22693997351475 29.06719759819745 0 0
29.71110167796712 29.70811865373133 0 0
36.5571010743904 36.49853956434843 0 0
38.92310682983096 38.7247751449119 0 0
39.318939294275 39.16636403452531 0 0
40.15476253441558 39.67327678872265 0 0
41.88991337012336 41.44300797040686 0 0
49.51552870427189 48.73397592264456 0 0
49.95501073580251 49.65318677677164 0 0
50.8197947543148 50.72747397955405 0 0
53.5412642403545 53.04358598446262 0 0
54.02170193995116 54.01046019835524 0 0
55.60277789691507 55.21818296392677 0 0
60.29919225555603 60.23846500590787 0 0
64.91041646409599 62.50145429603099 0 0
67.77364295303485 65.08139758892676 0 0
70.99929042480123 70.91426734497307 0 0
73.31587106194098 72.85674019162222 0 0
75.53209716570194 75.40517701007582 0 0
77.77180283976982 77.75611876498691 0 0
80.73588599392448 80.617861827566 0 0
83.36837913537809 83.20382982546819 0 0
83.92205459089524 83.46123827588492 0 0
85.66130840670225 84.94213411129877 0 0
86.36648036250989 86.12673138011228 0 0
95.59696142496307 94.31452475980288 0 0
96.87045813631639 96.53454755945825 0 0
97.19429073560025 97.05299426118518 0 0
97.30587683437632 97.22205239319665 0 0
