# Status file for ctqmc. Used to save all times t_s, t_e.
2
48
8.992999976554207 8.453177921196932 0 0
10.70171886309157 9.529558847085591 0 0
13.64365725719688 10.88053465063476 0 0
17.53418534398063 14.10314208731333 0 0
18.71199372441718 18.07487548870073 0 0
20.66071904102147 19.79266923262143 0 0
25.48732164102475 24.82398066998305 0 0
27.46897506038494 25.57237622814553 0 0
29.46600172908481 27.5126945518769 0 0
30.93473262292263 30.8811447351536 0 0
32.52345313154184 32.35492771436096 0 0
35.1696033765437 35.11926834403027 0 0
36.4663835713063 36.09864147781695 0 0
36.60171679588855 36.46838760062396 0 0
38.27136278978405 36.90272860416079 0 0
38.73039323956613 38.67145580241648 0 0
39.15061837483 38.93711445544355 0 0
40.38212240764803 39.27113642636048 0 0
41.30322370123148 40.966717330191 0 0
45.10705233175018 42.51915915677134 0 0
50.27102609925777 49.49075489295829 0 0
51.8628090397413 50.47818772901055 0 0
52.35101841572135 52.09420816867802 0 0
54.30514746324896 53.38942288341703 0 0
57.94612590146744 57.73748197616759 0 0
59.16602521313067 59.15519472580414 0 0
62.69622079430773 61.78972571888924 0 0
67.28395575628807 66.01543189066273 0 0
68.50502649580258 68.45233089412442 0 0
70.63752623087316 70.63363751829118 0 0
72.54494136257253 72.45461879562613 0 0
72.81338708971052 72.70066701580213 0 0
73.08885699694069 73.01400728483927 0 0
73.54477164178185 73.18241901114195 0 0
74.13949035293228 74.09212388935107 0 0
81.14698367087666 80.88328196473245 0 0
83.31769445203882 82.87302745630643 0 0
84.0800450923464 83.93317253821056 0 0
84.19940271449882 84.12492804679172 0 0
87.1025142455233 86.09563988827622 0 0
87.55487796617302 87.37528744613149 0 0
87.60723158036325 87.58160207219258 0 0
89.06839270414183 89.05022073501954 0 0
93.48157037301392 92.47193427760381 0 0
94.01781937483096 93.60473977729359 0 0
94.42766185957899 94.09546859487435 0 0
97.37966660921116 94.818041546492 0 0
99.46152508875542 97.51179684198522 0 0
45
0.849627141406657 1.006231891092776 0 0
5.142177276204646 5.153918239731528 0 0
8.783487031600025 8.843559849567789 0 0
9.125783041930074 10.86961205164532 0 0
11.15911813473074 11.16927885087608 0 0
11.89342246752166 13.56038834176803 0 0
13.60090335486731 14.25387707791389 0 0
15.60569527814997 16.18990463431869 0 0
22.45016375381127 22.88109374836495 0 0
23.25475478658111 23.69664526813444 0 0
24.4178494293765 25.60580944057883 0 0
25.74003737390376 29.27963862239116 0 0
30.51379344196546 31.27207126309605 0 0
31.93923907409842 32.00861560310494 0 0
37.11378713388049 37.82940716348337 0 0
38.37319747398421 38.44172132768499 0 0
38.47007862220415 39.29298339268475 0 0
39.64406680440324 40.19237828239891 0 0
43.21384167044082 43.67811032545333 0 0
43.79219687974757 43.93905937695057 0 0
46.91110417448557 47.09223245427216 0 0
49.22629554676544 49.89589458325096 0 0
49.98971102704786 52.98500260228221 0 0
53.51585926151447 53.88756524483802 0 0
58.11213115942198 58.74948293351203 0 0
60.01662726856673 60.34077787744196 0 0
60.35895675338428 60.41665157020383 0 0
60.91207296874828 61.07078939792383 0 0
61.83743061052188 61.88759179244624 0 0
62.41820690031518 63.81289454762242 0 0
65.77703359422159 65.90842621760844 0 0
72.14448088803192 72.82514398257265 0 0
72.87007678749332 73.29617964163236 0 0
73.56906961998622 73.60133227574019 0 0
79.66425909501321 79.71315958755875 0 0
80.68114121817477 81.45505183626604 0 0
82.66910802910533 82.83447023784157 0 0
83.08496974116876 83.86032706521104 0 0
86.08527409895102 87.6292201932923 0 0
87.69363317039424 88.17487058160403 0 0
88.51160542580953 88.58718874183191 0 0
88.70603487384911 88.80771317118375 0 0
92.66056380242539 93.4745946807726 0 0
94.29272623141802 96.45308502873326 0 0
98.67528431450842 99.33359561051762 0 0
