# Status file for ctqmc. Used to save all times t_s, t_e.
2
37
0.7661739439637377 0.7475310916927831 0 0
6.093734418229771 5.99132678476106 0 0
8.27405773504386 7.962081829502385 0 0
10.30727714072089 10.17206759896596 0 0
11.9626678100068 11.85254773444663 0 0
13.03725402117465 12.64515649401739 0 0
15.59970451176962 15.21047720504621 0 0
21.80983475258993 21.61763566645162 0 0
23.47077250622652 22.15220824448104 0 0
23.97530942069116 23.65102876320643 0 0
28.05509498015744 26.20110296431363 0 0
30.7817851296739 30.69636382444264 0 0
32.62305878790217 32.28151561651092 0 0
36.89735229437227 36.10262076794636 0 0
42.22200165854243 42.15539058709745 0 0
43.61885705009863 42.91799664806707 0 0
44.932542134527 44.63976308939284 0 0
45.49666294687247 45.17475243028341 0 0
50.97222224425926 49.97463581278978 0 0
57.50169252685011 57.29561646405767 0 0
60.04483808099017 58.15861890088263 0 0
62.15060201664571 60.75240739078549 0 0
63.58675814641855 62.91366861047952 0 0
71.44380887142748 70.97867947529784 0 0
74.02256869972402 73.99909641158514 0 0
76.75509061837467 76.43594476869713 0 0
78.54164469505034 76.77094239644181 0 0
79.15952252496196 78.7282966179032 0 0
85.44428339782198 85.34146977289537 0 0
87.30240713395251 86.13763293814874 0 0
88.9566953233516 88.81089607939742 0 0
90.13761814097197 89.75798474419783 0 0
90.6432234145925 90.62229221556977 0 0
93.46602476996766 92.47695797952096 0 0
95.65210218793997 93.66703464005705 0 0
97.68138998791486 97.66637812604067 0 0
99.53675267142603 99.44936267057726 0 0
44
7.731606542618243 8.133922294636434 0 0
8.406533467850611 9.743150052892302 0 0
9.746014573754126 9.866147067866786 0 0
12.65791747376339 13.01763816730792 0 0
14.9781624128972 15.01103852763657 0 0
15.07582718309674 15.46417788042728 0 0
21.10921412140343 21.6954508756131 0 0
21.82952420568254 22.85227154414513 0 0
23.71665394047092 24.73710470718823 0 0
26.43887007784691 28.9455025594898 0 0
29.4129581478162 29.61537243922453 0 0
31.28127541573546 31.44668260204768 0 0
33.78097368087393 34.2485988627071 0 0
34.27272412678096 34.84207166887323 0 0
34.93120837863206 35.18637357293952 0 0
35.91183865968355 36.6175580129303 0 0
38.86440751853059 39.11793478381268 0 0
39.36059699826488 39.4969187336677 0 0
40.29766920885206 40.3355170078152 0 0
41.22141599856545 41.32272940113631 0 0
42.94300509296465 42.97949700249852 0 0
45.25393602248916 45.47575214044875 0 0
52.65096762895392 53.61557654452814 0 0
58.27672896386574 59.80930879983725 0 0
61.04808336931932 61.1976676193245 0 0
61.94303005627134 62.15389347004522 0 0
63.18853228218564 63.44165357838479 0 0
64.75640678844424 64.7932601413203 0 0
66.24705678547897 66.8119628164222 0 0
69.48909011674421 69.57981745128893 0 0
70.6624736273543 71.11321794349098 0 0
71.12225819704955 71.12568963140954 0 0
73.23077042736459 73.23598281671596 0 0
73.36360323160955 73.89512733539867 0 0
75.81516743191807 75.92002046469899 0 0
76.33733759861758 76.58894826649616 0 0
76.87806657399494 76.90873775016803 0 0
79.51960471703642 80.28291848306692 0 0
80.4244999246871 80.51547316394085 0 0
81.26701505217353 81.86350929574607 0 0
86.10513247350396 86.22990412687636 0 0
87.70642694192101 87.99271431521439 0 0
92.80604375986147 93.46675609892571 0 0
95.05363475476241 95.62614853794904 0 0
