# Status file for ctqmc. Used to save all times t_s, t_e.
2
51
0.5372953110443783 0.4927835776273288 0 0
4.023362518727433 3.957798079919212 0 0
5.366124585512337 5.048232945942298 0 0
6.564420554715089 6.467689518249242 0 0
7.346131271088299 6.819114059850533 0 0
10.63597403130573 10.44979373862535 0 0
13.77333825885334 12.91681302272925 0 0
15.77598296074642 15.31586577931174 0 0
16.85099964342537 16.57142113193692 0 0
23.32556896521508 20.94496364158447 0 0
24.38160657379735 24.12668308347447 0 0
26.14708831047918 26.10615964206545 0 0
27.24182314288531 27.16451650335862 0 0
27.77007183663637 27.42349962024796 0 0
28.12726013366327 27.94603383540579 0 0
28.60982342859847 28.40658618284959 0 0
29.15570774152768 29.14290609930854 0 0
29.37647373632423 29.32299270516673 0 0
29.48790160433094 29.45075496867651 0 0
31.01548300310828 30.76354868607046 0 0
34.4577612423944 33.83838135264921 0 0
36.12085759097695 35.72905980699822 0 0
41.46429945365626 41.22676839020802 0 0
43.03281199584771 42.99282151440534 0 0
44.91534684054088 44.8041805177218 0 0
45.83503744936331 45.30246565470996 0 0
48.72247931146216 48.10153362869768 0 0
49.27788435756484 49.24278644253592 0 0
51.33709138972915 50.76031174902494 0 0
54.05896385696857 51.76465666643569 0 0
55.25864374109153 54.22615529613629 0 0
56.05809102580654 55.64378147774782 0 0
56.57529042394733 56.52201015509254 0 0
58.31258781919547 58.08442511764311 0 0
59.40407334808986 58.99594778246045 0 0
61.88275056349148 61.71508555683976 0 0
68.71779987315171 68.56545661828325 0 0
77.79399820308367 77.08814161074599 0 0
80.81436555481201 80.32937571502595 0 0
82.37532955981577 82.34431169583134 0 0
85.71672001901668 85.65076020748616 0 0
86.8039716060639 85.79297615993727 0 0
90.12772237095434 89.21290219313109 0 0
90.49841423075428 90.39311868778421 0 0
90.77194427204874 90.70965487277562 0 0
92.76943999683314 91.81480643865137 0 0
93.35406236867946 93.20316878732109 0 0
97.69062639352097 97.46473891244975 0 0
98.52301564583611 97.94147934652747 0 0
98.82904550943887 98.56981693174941 0 0
99.25842095697315 99.07024902098449 0 0
46
1.890460395463703 1.961693051833989 0 0
3.586879766287614 3.731570553510879 0 0
4.802280035081111 5.893638988143175 0 0
6.643947611165077 6.788370578407855 0 0
9.414005141230479 9.805870721732559 0 0
10.46038209701295 10.72789542079887 0 0
10.73465324874773 11.6399636545523 0 0
12.86729518115191 12.99507996615566 0 0
13.09889837857126 13.18898723451537 0 0
16.65278280742071 16.77184232872429 0 0
18.1495849243388 18.18580800535212 0 0
19.3714798370441 19.45203485899054 0 0
22.93853593223639 23.33948261498122 0 0
23.38280144144793 23.740969954423 0 0
24.07940867367418 24.58397428655209 0 0
27.98931959909349 28.25329664857926 0 0
29.22299742366553 31.19103534055419 0 0
33.21348114203839 33.44609356424652 0 0
35.25814915512901 36.09717543299877 0 0
36.87054386632585 37.22383591751755 0 0
39.47406483983932 39.82194198129807 0 0
43.17513271643622 43.20076564337402 0 0
43.76991745460202 44.58858376830037 0 0
44.63532392620422 45.74359196885455 0 0
46.35376538169609 46.56347791046068 0 0
49.36937185949725 49.41789993808084 0 0
50.72519428717985 51.90007911746031 0 0
54.36615571172349 54.9440677006417 0 0
55.98389139975816 56.75783210177936 0 0
58.18702640004191 58.28184952724168 0 0
64.41311349917017 65.1681932644416 0 0
65.28293659482347 65.6354295075118 0 0
66.21643847644762 66.53355283666218 0 0
74.98425126444953 75.32304819871752 0 0
76.81650425688716 78.1546218961837 0 0
78.96331311450443 79.55539478818309 0 0
81.29896078275267 81.34888803729207 0 0
85.30483619892432 86.31764565293051 0 0
87.82320253050595 88.247838824469 0 0
88.38890284402251 88.84277953977454 0 0
88.93219972908716 90.00035156507725 0 0
91.44352390119761 91.52131625625043 0 0
93.1335229725528 93.31677012995257 0 0
94.69824733563199 94.83334052378478 0 0
96.08630264079123 96.22368816410705 0 0
99.2838426019426 99.45723686627288 0 0
