# Status file for ctqmc. Used to save all times t_s, t_e.
2
44
2.640535747142592 2.056923967740699 0 0
3.199834038577445 2.897592649789536 0 0
4.103949178300762 3.622371489308089 0 0
4.223756937366216 4.218326471952618 0 0
5.185383116069969 5.006636011808114 0 0
7.628498894926324 7.244465827211302 0 0
11.21308081057358 10.99927610595703 0 0
13.02261668975317 12.88735279824591 0 0
15.95198572813813 15.66595034702475 0 0
16.56961054896008 16.33919071637439 0 0
18.97870073832602 18.89135870538679 0 0
23.59281494211472 22.19936599711241 0 0
31.41611722144547 29.98827850808528 0 0
34.54690457528411 34.44809532967432 0 0
36.75259001837629 36.48946209952311 0 0
39.01856419701988 38.85654423621817 0 0
39.99466740408745 39.86872460721216 0 0
40.14377853113091 40.13101935033128 0 0
40.58367808859594 40.57961618829248 0 0
40.98469325816134 40.87958421008091 0 0
43.153843578249 42.14055351240033 0 0
44.52704464737042 44.15885578291329 0 0
47.81571668451915 45.10252584519871 0 0
55.91151611635574 54.29884622763407 0 0
57.01231160868818 56.65237532959604 0 0
58.12705702134346 57.95088261175751 0 0
60.12683113834962 59.50952458656235 0 0
62.57667384974334 61.85599814279546 0 0
63.8211546241818 63.65524033779186 0 0
67.96536094534524 66.33953385623258 0 0
70.01764565619268 69.87870926678933 0 0
74.11591973734366 74.08790203626137 0 0
75.70103643694965 74.48461905934604 0 0
80.17930945103463 79.80576223801452 0 0
80.41695264702848 80.31938198289322 0 0
81.88072751114865 81.48651534327833 0 0
84.11845525879237 83.36946163916991 0 0
86.1087056709528 84.99101837117954 0 0
87.13593956365474 86.68947890319984 0 0
88.10516715079301 87.4844247492201 0 0
88.97659424402667 88.22649207444815 0 0
90.24396943408208 90.03263234759903 0 0
90.44130651428095 90.30823834728808 0 0
93.02506463539103 90.99384629294468 0 0
34
1.057547070684592 1.607481832481895 0 0
2.21821784958433 2.846153338335169 0 0
5.366837004027921 5.769472863316444 0 0
7.136342890007714 7.324390665705813 0 0
9.700364541914848 10.02462483847006 0 0
16.49357191608745 16.6866497444063 0 0
17.19448608491759 17.30028269995844 0 0
24.44706228884769 24.56686417153461 0 0
29.09371390927249 29.15599887137108 0 0
29.93986283225042 30.72711536422924 0 0
34.12799123320775 34.7396959817034 0 0
35.23485954110289 35.58074146625803 0 0
37.83552229538668 37.94837693157253 0 0
40.69151204966785 41.35209502554991 0 0
41.73629636391995 42.03871054880025 0 0
44.59617112835008 46.41884882799761 0 0
54.36955831097419 55.87367162215663 0 0
56.06762484599974 57.08823750109471 0 0
60.01979698577542 60.89939178763088 0 0
64.75295419346945 64.79555498622713 0 0
64.87477123138557 65.27694314938708 0 0
66.30495481170389 68.33667058539795 0 0
70.69535030874613 70.90309251427874 0 0
74.39480007385221 74.45848342654345 0 0
74.76549500324489 75.16109871759463 0 0
78.57463361339511 79.11457396719963 0 0
83.97441432728448 85.16315391846553 0 0
85.31771455333875 85.93448468156255 0 0
87.97633467920672 88.4510678482869 0 0
91.05738648311507 91.209202943351 0 0
91.2716040449009 91.63865233280261 0 0
92.18564528304017 92.59447644910772 0 0
95.80934856400806 95.82860892540378 0 0
98.95917721468525 99.54616260678448 0 0
