# Status file for ctqmc. Used to save all times t_s, t_e.
2
37
0.8897587598280545 7.600974823244959 0 0
8.581902031362336 8.710295226528048 0 0
8.846225152587959 12.86228580838822 0 0
12.92360377966475 13.27824250203969 0 0
14.24941238422005 15.26517681604835 0 0
15.50271261900177 15.70292819789641 0 0
15.94316857809715 16.27239542844861 0 0
16.61153700211462 22.99943729496738 0 0
23.13194106987204 24.81009267615205 0 0
25.02558123241129 25.66343170800598 0 0
25.90318122194421 28.15443088294589 0 0
28.23049400774459 31.49566149177905 0 0
31.76899598777397 31.91935567713033 0 0
33.01477602796781 33.43835708938543 0 0
33.81151460202824 37.11314526235677 0 0
37.35623626000127 38.13551879499826 0 0
38.98777917354574 45.86982499425926 0 0
46.14808440319427 46.17819371221544 0 0
46.50514557347261 46.72433106724029 0 0
46.94008234050933 48.00390589513891 0 0
48.22182480062357 50.81387852884657 0 0
51.36850391910529 54.18405071677766 0 0
55.15865168642349 63.7332312339382 0 0
64.32963226689797 70.29460298159357 0 0
70.68368738039321 71.00182983304107 0 0
71.28873036916195 71.57147033284818 0 0
73.58836063354114 74.03260161414642 0 0
74.59919633510698 75.74680847956577 0 0
76.01376516150145 78.06820249341423 0 0
78.47960844541785 81.13102741767626 0 0
81.20738090999387 81.75905831912139 0 0
84.63626906059277 85.2642558704772 0 0
89.83231226164546 90.34317312275665 0 0
91.04326292527432 91.9180169520168 0 0
93.49982214153776 95.96495032397662 0 0
96.14129780569344 96.87823629641643 0 0
97.73431265955639 99.14560077184598 0 0
50
0.1328946371337878 1.540818185100351 0 0
2.662051500109423 3.12065485115985 0 0
3.42925551183694 4.247550098406668 0 0
5.47089427644061 5.864646082470427 0 0
7.569125281450995 7.831243810570768 0 0
7.864100067692109 7.970085808277852 0 0
8.323688734071489 9.451716643789405 0 0
10.21461888000184 10.23901891597317 0 0
11.45079411638532 12.18638783939683 0 0
13.84039192660296 14.09763613575928 0 0
14.92381369469207 14.98514812863045 0 0
15.82914444354514 16.17050001843208 0 0
16.28876130585088 16.71669658203901 0 0
17.30885136052828 17.59073930729808 0 0
18.57271055502245 18.59640841034624 0 0
18.72440046559516 19.90452358530203 0 0
23.89784985481151 24.13024509273934 0 0
24.86486483147679 25.34468959824112 0 0
25.58353145600566 26.3909459901322 0 0
29.62256817728031 29.79033757550341 0 0
30.94927371118834 31.36165536977171 0 0
32.10024632952467 32.48968273422245 0 0
37.28584788541747 39.42066575542024 0 0
42.09032229447674 42.23717708935349 0 0
43.12681242261459 43.77061397316244 0 0
45.30825669043291 46.57742299905682 0 0
46.60209025309298 47.4168882331186 0 0
47.71713801676158 47.71787170349047 0 0
47.74958468589466 47.8145173130536 0 0
50.22164186884405 50.44771410094322 0 0
50.92523402544086 51.33201197746605 0 0
53.71922174794342 53.82147959266739 0 0
54.31856059696088 55.64156195767078 0 0
60.83368821685824 60.87863287194062 0 0
61.78507894042168 61.94691540692594 0 0
62.65622915937855 63.0832689805694 0 0
64.03449833407315 64.08159378440398 0 0
65.62781786263331 65.67684936320599 0 0
67.9367194477495 67.99486692766502 0 0
71.87579584579348 73.59240010604702 0 0
77.80016567477421 77.93801944475061 0 0
79.86974824987681 80.19209033020749 0 0
81.67646401313883 84.45043528532442 0 0
85.27805652737624 86.14222401571384 0 0
86.23749208354367 90.19731580534372 0 0
90.37514449371918 91.08124528860725 0 0
92.51112980269575 92.95192049943097 0 0
93.011894875922 93.07693800764316 0 0
93.8598910384307 93.86010696900283 0 0
99.34453970701729 99.72502057054177 0 0
