# Status file for ctqmc. Used to save all times t_s, t_e.
2
47
2.449229035077944 2.330260139781649 0 0
3.937663056724674 3.797056033539145 0 0
9.759435840859503 8.907586943816408 0 0
11.28481149919522 10.65906609540951 0 0
12.75218592761954 12.42630601459014 0 0
14.97219879831592 14.6614922510808 0 0
16.00612326416825 15.8761705636493 0 0
16.19105979232218 16.15567448402064 0 0
18.50170465417447 16.74112537431978 0 0
21.61442563030785 19.37518718435687 0 0
22.71707185978898 21.80143855956095 0 0
26.29609933740707 26.07273539623308 0 0
34.20367869694926 34.05590084066009 0 0
35.14931503160791 35.06762148209947 0 0
35.69083848695666 35.46523662709736 0 0
37.51534024618849 37.50910952084496 0 0
40.50371776398998 40.24357857031928 0 0
41.35142936528194 40.8974159391209 0 0
42.89189723486803 42.79338704070183 0 0
44.59693689639251 44.17344449245828 0 0
48.54947705244408 47.50353652938608 0 0
52.98948624997469 52.84925954457693 0 0
55.03574530800491 54.10476907911602 0 0
55.59515204911838 55.22367862451699 0 0
56.40472126746484 55.76451969628219 0 0
57.2715296428331 56.45040822795607 0 0
59.83163418192776 59.62808920824985 0 0
61.75953097646151 61.58309178214765 0 0
63.64590408406826 63.48266344845248 0 0
64.14004347137144 63.83037092094386 0 0
65.69308437366551 65.28438208944272 0 0
66.93729112229067 66.75490317184241 0 0
67.21050010890599 67.18816308121657 0 0
71.00903230890867 69.98837126777727 0 0
75.91527229688764 75.7935501193509 0 0
77.9886794347875 77.2199657506728 0 0
81.19708837839333 81.11851033596784 0 0
83.66670346098071 83.49353673961393 0 0
89.46707003259816 88.66723004935487 0 0
89.59898494083404 89.57608584718439 0 0
91.17818367834292 89.96460094379728 0 0
93.18137913803261 92.06906581491749 0 0
94.04672440081247 93.98252784601735 0 0
94.93979134900727 94.74998716646425 0 0
96.53777558521172 96.45110027761608 0 0
99.84692730266173 99.66982438981513 0 0
99.98710689025549 99.89522289468975 0 0
51
2.404102891452975 2.787148544437056 0 0
3.080037106628745 3.293320004705273 0 0
5.218938274714991 5.475732780811665 0 0
5.925190030583666 6.364930970736867 0 0
8.8468663640736 9.209853942070097 0 0
9.22085074549052 9.380463679535582 0 0
9.808333564668141 10.30134238767374 0 0
12.23588976375263 12.48533051093482 0 0
13.72941375918906 14.25063270933662 0 0
15.19280553309644 15.19354826729624 0 0
16.30135552472712 16.47624735051858 0 0
16.66977697269361 17.57316583750561 0 0
17.791615215064 17.89158398125718 0 0
17.98037570560343 18.31529469432028 0 0
18.38684867214505 19.25903360110829 0 0
19.53628568243637 20.66592214193214 0 0
21.34944755444517 21.56387443403362 0 0
21.69193495235779 22.43746174759183 0 0
28.35378584586992 28.48554402453328 0 0
28.60943968097287 28.64183824502813 0 0
29.66501852181906 30.13713255384019 0 0
37.72156021704192 38.40281032208897 0 0
38.75981986295377 38.84666181742445 0 0
40.03085492262763 40.48121628685709 0 0
40.68960565664732 41.16972723915589 0 0
42.13214587718944 42.16163723817428 0 0
44.46694446713506 44.86794922556825 0 0
45.33357013054705 46.35650971134194 0 0
46.69613977881595 46.72686987680767 0 0
47.37883657279501 47.3904561394808 0 0
53.85718632902586 53.85800784747556 0 0
55.30015226905855 55.95171911193501 0 0
57.41469241842652 57.76207701807446 0 0
59.51152742403324 59.82841987627688 0 0
60.64193346578618 61.15978840019923 0 0
62.25885558466736 63.13072004764818 0 0
63.32526943416637 64.2575988142512 0 0
65.58173162871775 66.29103946558693 0 0
66.37778937040304 66.99687431355822 0 0
68.07033822641456 68.17876614101169 0 0
72.89240083328755 73.18777575793078 0 0
78.1657132063997 78.47314218038349 0 0
78.71860657919979 78.84728658325101 0 0
79.88573563561205 80.37378878701806 0 0
82.0790218766202 82.76984563685211 0 0
83.98748385117308 84.55818487507135 0 0
86.24387795104749 86.4654185858067 0 0
89.53383791298981 90.87890245780497 0 0
91.82982213326325 92.57981485850895 0 0
96.48043624894576 96.59804772180084 0 0
97.03733707450688 97.50669139488943 0 0
