# Status file for ctqmc. Used to save all times t_s, t_e.
2
46
0.019116602584063 0.1776511656429183 0 0
0.910927298810833 1.116494304447645 0 0
1.654184506430725 2.181959625189787 0 0
2.59531902878524 2.944826406259484 0 0
3.791665461813608 3.912319873905179 0 0
5.297492243280232 5.521388126119713 0 0
5.610246106860814 6.5680672127585 0 0
7.160485968162087 8.15648295672638 0 0
8.345347102281696 8.560356057328695 0 0
9.309802471182639 9.498235057559151 0 0
10.03213597406524 10.20964930101199 0 0
11.20636400086269 11.29156800675356 0 0
12.68904280114599 13.31248385794797 0 0
14.55716596561392 14.63495323048835 0 0
14.96269973794589 15.3023642000793 0 0
16.11846470890183 16.26149636437566 0 0
17.35929365480812 18.32471411772096 0 0
23.40355227744232 24.35719247559313 0 0
26.91067247418464 27.34299221740289 0 0
29.28970553771618 30.57774240848027 0 0
30.70884068912306 30.72647648155658 0 0
37.76726768745907 38.14937186763558 0 0
44.76660767466564 45.34899390011677 0 0
50.90471944590504 51.30201647930606 0 0
53.92203857132222 53.96507188334782 0 0
54.57867605563735 55.19481814293817 0 0
56.34152329247398 56.45916880714228 0 0
57.98944730317027 60.85751057771173 0 0
61.1051118234431 61.21688473468618 0 0
62.39762540594801 63.09436831250031 0 0
63.10964239136142 63.15861434454543 0 0
63.51933273290321 64.27046210309625 0 0
65.78638265559772 66.4214160201077 0 0
66.46132323382965 68.34957300254612 0 0
70.97071968531715 71.04500315461978 0 0
78.05811098900213 78.61148756596066 0 0
80.10819534237521 80.24081202236239 0 0
84.75388734591469 84.80811824193755 0 0
88.66793945105192 88.69693191448204 0 0
90.97457515387262 91.13378090725571 0 0
92.80818089888811 93.26609136594642 0 0
95.09569621674726 95.30321357322725 0 0
95.58621885308089 95.59534210659592 0 0
96.26290219551075 96.63248544916776 0 0
96.65585680106643 96.90680953262174 0 0
97.01595017729487 97.18191957606297 0 0
37
1.560741520116907 1.545919859101533 0 0
9.606701622356649 9.523701623923188 0 0
10.82621207142749 10.68976021498564 0 0
11.53324536727277 11.01962514264268 0 0
12.93247921145634 12.35472637361048 0 0
14.57514023976821 14.12515406096197 0 0
15.94207827731314 15.88861068506648 0 0
19.23235977999226 17.9261321721664 0 0
29.11902943588258 28.31270079612624 0 0
30.86626277079547 30.37635353822273 0 0
35.83032682048795 35.59618445594882 0 0
36.63143169192304 36.42809421575943 0 0
37.13894828602751 36.73868297836336 0 0
38.49777145019256 37.69499632544691 0 0
47.97613036937499 47.84444643810489 0 0
49.45178032850609 49.02792528411116 0 0
50.72665349911731 50.63061040015113 0 0
51.2692330288422 51.05292756389547 0 0
53.59572023851747 52.88806034273865 0 0
57.61856053255966 57.55030188364498 0 0
62.58995773426362 58.50969176478529 0 0
63.5658581866214 63.14728180386607 0 0
64.64085268170874 63.88490433806066 0 0
66.10594522987262 64.6428166517729 0 0
68.38756307727195 66.49662775611428 0 0
69.17077673477831 69.02886726618755 0 0
69.34366767091443 69.20367981926346 0 0
71.36240943401609 70.9876371662442 0 0
73.21447963303588 72.89241258358348 0 0
75.72704386234253 74.79527262563504 0 0
78.60552151375683 77.48001354538016 0 0
85.90565545831352 85.56841798559714 0 0
88.93655688995474 86.24751889699499 0 0
91.86251004568747 90.3566195296295 0 0
96.87751401143494 96.7202261100518 0 0
98.3953621565942 98.19213234355786 0 0
99.16450347887121 98.99645003848498 0 0
