# Status file for ctqmc. Used to save all times t_s, t_e.
2
38
2.351191884080446 0.2180180396801603 0 0
2.878069613772829 2.620004723817575 0 0
3.778513532834402 3.636780225896312 0 0
4.987655778292745 4.08326925548488 0 0
10.26008666729335 5.299828216176971 0 0
11.57064943354276 11.47024622376685 0 0
12.98662558087496 11.69943029376222 0 0
14.56767459352621 13.01442909585364 0 0
15.50679161096675 14.97482292668478 0 0
16.10741158069299 15.92245832890749 0 0
20.08980773065854 16.5647955307561 0 0
22.35832060463819 21.22491762052972 0 0
24.23451378656699 23.85460256269774 0 0
24.96826140684178 24.33403611442915 0 0
30.91463583620105 27.54981596905451 0 0
31.78868186927096 31.42303967787538 0 0
34.34526677570349 31.94821592362202 0 0
38.93285658264183 34.36544119379157 0 0
40.65129729376028 39.03614279841505 0 0
49.24320682821813 40.96466132530317 0 0
55.81459479159311 49.53122603553114 0 0
57.38491409755844 55.8368202122735 0 0
57.55006275178411 57.50621229300604 0 0
59.5896667886848 58.0961680988196 0 0
60.76013841133766 59.64059661929336 0 0
70.79510284562481 63.39174707659134 0 0
71.08937688488666 71.02312738404015 0 0
72.82827572948753 72.03013681847173 0 0
75.93172056381074 73.22844490497269 0 0
83.40298952116746 75.93819556425748 0 0
83.95486597471573 83.51163476032075 0 0
89.77061665580599 84.96565115735797 0 0
91.54873012139231 89.84082291087731 0 0
92.02731155439056 91.97647374797251 0 0
92.84025179690283 92.19461062354911 0 0
93.9775164803178 93.71957238479141 0 0
96.38825821814038 94.4717560302682 0 0
99.96673667440622 98.77055669033513 0 0
45
0.2558101639336883 1.822974168866887 0 0
1.944491860838349 3.076968295800416 0 0
3.135189961588235 8.829520577207312 0 0
9.636661992784825 11.20504738041181 0 0
11.261552124522 11.47451167454729 0 0
11.70844389917435 15.59621758313277 0 0
15.65560134454204 17.49640417877083 0 0
17.67200644527714 19.52754000909592 0 0
19.59357324602105 22.1707305926046 0 0
22.80597379875897 23.41943654398577 0 0
24.22742320553484 24.71969464800022 0 0
25.33424936604866 26.24042450184472 0 0
27.58454349110207 31.33227526329784 0 0
31.9433163858169 35.09013494606683 0 0
35.14098714447025 35.52170920099338 0 0
35.60307598487874 37.48995601239006 0 0
37.85710045538331 39.22935419164902 0 0
39.25405849963021 39.36031023886501 0 0
40.19678447047654 40.34567905321126 0 0
40.487122878906 45.47687669088023 0 0
45.5757714175918 48.23363087939006 0 0
49.00488179690649 49.34323801602647 0 0
49.50557965273529 49.52067032655805 0 0
49.91008273749549 52.07880105027152 0 0
52.37606506148905 54.07703304487527 0 0
54.1875325110236 55.57124516543342 0 0
55.57826917741496 58.78666205729751 0 0
58.8496574807012 59.7275494623177 0 0
63.33412701696861 63.59464838615001 0 0
63.73724238670579 67.04398213120929 0 0
67.30410363944891 72.13924364216392 0 0
72.22545602795013 74.10320346759927 0 0
75.34372149031289 78.25783367110571 0 0
78.77639876365023 82.51014815759265 0 0
82.63031493960644 84.08320991123882 0 0
85.04182939699834 85.10052459280934 0 0
85.21525989345852 85.3084748629951 0 0
86.21618994554437 87.01547413368611 0 0
87.04489613469741 87.15576031467442 0 0
87.16252068843463 90.99889002919282 0 0
92.40726150264423 93.83758743527046 0 0
94.64627747654718 95.32479889179241 0 0
95.52370961693175 96.22275402989871 0 0
96.98452126413977 98.39541154798994 0 0
98.64120916760702 99.08323930951228 0 0
