# Status file for ctqmc. Used to save all times t_s, t_e.
2
36
0.6826283990283031 0.09523164340681944 0 0
5.111291856509825 2.469884369798166 0 0
5.904749784850949 5.370555963590989 0 0
7.013407502332525 5.915350496032379 0 0
11.5784700740452 9.060537308202449 0 0
13.71591262860704 12.51380650852217 0 0
14.49158389359019 14.25000829522515 0 0
16.16228230530723 15.36982640232132 0 0
18.45254670196785 16.38793512575364 0 0
20.56003807653448 18.77108557049644 0 0
25.86197265343628 22.63307303496149 0 0
28.49777367750174 26.09478971962717 0 0
29.51011371072629 28.62187466790395 0 0
32.54273170450482 29.59043481072331 0 0
53.96486173540122 32.67337956132688 0 0
54.09631110267258 54.08602654344224 0 0
54.58187517796795 54.27347951331043 0 0
55.44023411210772 54.74677948825306 0 0
58.36163040158245 55.50819640851293 0 0
59.63863330848519 58.87296430157345 0 0
62.65909169723564 59.72140665610032 0 0
65.46935032256816 62.90993398852257 0 0
66.76620692631212 65.51943387586924 0 0
66.9321711100111 66.8429918726286 0 0
72.83443588496162 67.14756030045967 0 0
75.44497321113438 73.61715459357966 0 0
76.83495042749657 75.53229476406111 0 0
77.8041966239399 77.62771925723715 0 0
79.58890921504033 78.58932222830578 0 0
81.82428985991208 79.5934057847081 0 0
88.14226994565371 82.04303841602716 0 0
94.68931240235786 88.43726773813921 0 0
96.47328017949175 95.01982930053205 0 0
97.48497454798026 97.40672567101181 0 0
98.31620424500284 97.58886570279842 0 0
99.84031625208176 98.76766650017935 0 0
45
5.366383457661916 4.038067482157231 0 0
7.186338169115801 6.5853260137237 0 0
7.482582959588184 7.294417866708296 0 0
8.89885011996016 7.697725450841845 0 0
10.77705117714891 9.666296457186606 0 0
12.76888654430272 12.68287266580007 0 0
13.12372990119967 12.98893508946529 0 0
17.12409968010998 16.81312180081867 0 0
19.72244297253875 19.5694691646482 0 0
22.50590589909504 22.1966675476254 0 0
24.55536249722011 24.4838512955155 0 0
25.32199575014288 25.27681427785175 0 0
29.0754143575952 28.64688850165498 0 0
29.88417753540251 29.73705571721586 0 0
30.36989691404217 30.34595498432231 0 0
30.96737382800336 30.74933210832189 0 0
31.24985563571028 31.06722258914677 0 0
33.80353925341845 33.1623862920671 0 0
34.60087425225725 34.49140434549027 0 0
40.16760725941947 40.06644942996219 0 0
41.75100775987814 41.72031689689828 0 0
44.69219170172183 43.01416289970697 0 0
45.90928514427588 45.05918031035546 0 0
46.42794345715244 46.05114456705228 0 0
51.08992681853709 50.90182968851303 0 0
53.53964146592897 53.35263455461921 0 0
55.97582115204668 54.84945430080585 0 0
58.30151932337532 57.19867661612542 0 0
60.76604943937991 60.38106603846182 0 0
68.80756163472245 67.95983750562246 0 0
69.81462329822561 69.46426437931528 0 0
73.33868875832087 72.58383217773262 0 0
78.3194653863962 76.36697317899797 0 0
79.64288350803663 79.51037530721388 0 0
80.67184745537728 80.58827103266997 0 0
82.44714266966254 82.05099819562412 0 0
83.86568200164531 82.98682789880242 0 0
85.97132872659994 85.77512778100115 0 0
86.43933572567789 86.27329256805163 0 0
88.47180264969725 86.68438826602934 0 0
90.85474243659878 90.80513503122017 0 0
91.06201294182291 91.0593945265266 0 0
93.93797717595221 93.90662913517302 0 0
97.17085041288817 96.62353573887876 0 0
97.58527241134178 97.52256932898312 0 0
