-4.00000000 0.04001254
-3.81635740 0.08018644
-3.64106164 0.08274461
-3.47373334 0.08489163
-3.31401038 0.08694231
-3.16154706 0.08896900
-3.01601344 0.09102679
-2.87709455 0.09300971
-2.74448974 0.09510802
-2.61791202 0.09718359
-2.49708745 0.09926490
-2.38175455 0.10131591
-2.27166370 0.10343905
-2.16657665 0.10550709
-2.06626597 0.10767868
-1.97051457 0.10989095
-1.87911522 0.11198352
-1.79187010 0.11419716
-1.70859042 0.11641946
-1.62909592 0.11856095
-1.55321457 0.12089297
-1.48078214 0.12310231
-1.41164188 0.12536527
-1.34564416 0.12763711
-1.28264613 0.12995555
-1.22251145 0.13222279
-1.16511000 0.13449219
-1.11031752 0.13678984
-1.05801545 0.13914576
-1.00809059 0.14147630
-0.96043489 0.14383454
-0.91494522 0.14615811
-0.87152312 0.14864504
-0.83007462 0.15091600
-0.79051002 0.15328643
-0.75274370 0.15571953
-0.71669391 0.15810159
-0.68228264 0.16057051
-0.64943541 0.16314684
-0.61808115 0.16540988
-0.58815198 0.16803730
-0.55958314 0.17047362
-0.53231279 0.17285401
-0.50628193 0.17532495
-0.48143421 0.17783196
-0.45771585 0.18038287
-0.43507554 0.18303694
-0.41346426 0.18563932
-0.39283524 0.18799114
-0.37314385 0.19075897
-0.35434746 0.19319117
-0.33640539 0.19599469
-0.31927882 0.19837790
-0.30293068 0.20114199
-0.28732559 0.20394248
-0.27242977 0.20653827
-0.25821099 0.20911527
-0.24463848 0.21176944
-0.23168285 0.21448805
-0.21931609 0.21725226
-0.20751140 0.22007366
-0.19624327 0.22298227
-0.18548728 0.22596141
-0.17522017 0.22886201
-0.16541972 0.23154935
-0.15606471 0.23433915
-0.14713490 0.23758530
-0.13861097 0.24061167
-0.13047446 0.24332459
-0.12270777 0.24678176
-0.11529408 0.24968788
-0.10821736 0.25289970
-0.10146229 0.25624688
-0.09501425 0.25934206
-0.08885928 0.26289802
-0.08298406 0.26616482
-0.07737588 0.26966538
-0.07202260 0.27342837
-0.06691264 0.27664884
-0.06203493 0.28095500
-0.05737892 0.28436491
-0.05293453 0.28831254
-0.04869215 0.29287223
-0.04464259 0.29654188
-0.04077709 0.30086182
-0.03708728 0.30595696
-0.03356518 0.31032015
-0.03020317 0.31470514
-0.02699396 0.32021520
-0.02393062 0.32595638
-0.02100651 0.33101469
-0.01821530 0.33619566
-0.01555096 0.34240189
-0.01300772 0.34914422
-0.01058008 0.35525346
-0.00826277 0.36041511
-0.00605079 0.36517396
-0.00393934 0.36970918
-0.00192387 0.37320609
0.00000000 0.37451273
0.00192387 0.37320609
0.00393934 0.36970918
0.00605079 0.36517396
0.00826277 0.36041511
0.01058008 0.35525346
0.01300772 0.34914422
0.01555096 0.34240189
0.01821530 0.33619566
0.02100651 0.33101469
0.02393062 0.32595638
0.02699396 0.32021520
0.03020317 0.31470514
0.03356518 0.31032015
0.03708728 0.30595696
0.04077709 0.30086182
0.04464259 0.29654188
0.04869215 0.29287223
0.05293453 0.28831254
0.05737892 0.28436491
0.06203493 0.28095500
0.06691264 0.27664884
0.07202260 0.27342837
0.07737588 0.26966538
0.08298406 0.26616482
0.08885928 0.26289802
0.09501425 0.25934206
0.10146229 0.25624688
0.10821736 0.25289970
0.11529408 0.24968788
0.12270777 0.24678176
0.13047446 0.24332459
0.13861097 0.24061167
0.14713490 0.23758530
0.15606471 0.23433915
0.16541972 0.23154935
0.17522017 0.22886201
0.18548728 0.22596141
0.19624327 0.22298227
0.20751140 0.22007366
0.21931609 0.21725226
0.23168285 0.21448805
0.24463848 0.21176944
0.25821099 0.20911527
0.27242977 0.20653827
0.28732559 0.20394248
0.30293068 0.20114199
0.31927882 0.19837790
0.33640539 0.19599469
0.35434746 0.19319117
0.37314385 0.19075897
0.39283524 0.18799114
0.41346426 0.18563932
0.43507554 0.18303694
0.45771585 0.18038287
0.48143421 0.17783196
0.50628193 0.17532495
0.53231279 0.17285401
0.55958314 0.17047362
0.58815198 0.16803730
0.61808115 0.16540988
0.64943541 0.16314684
0.68228264 0.16057051
0.71669391 0.15810159
0.75274370 0.15571953
0.79051002 0.15328643
0.83007462 0.15091600
0.87152312 0.14864504
0.91494522 0.14615811
0.96043489 0.14383454
1.00809059 0.14147630
1.05801545 0.13914576
1.11031752 0.13678984
1.16511000 0.13449219
1.22251145 0.13222279
1.28264613 0.12995555
1.34564416 0.12763711
1.41164188 0.12536527
1.48078214 0.12310231
1.55321457 0.12089297
1.62909592 0.11856095
1.70859042 0.11641946
1.79187010 0.11419716
1.87911522 0.11198352
1.97051457 0.10989095
2.06626597 0.10767868
2.16657665 0.10550709
2.27166370 0.10343905
2.38175455 0.10131591
2.49708745 0.09926490
2.61791202 0.09718359
2.74448974 0.09510802
2.87709455 0.09300971
3.01601344 0.09102679
3.16154706 0.08896900
3.31401038 0.08694231
3.47373334 0.08489163
3.64106164 0.08274461
3.81635740 0.08018644
4.00000000 0.04001254
