0.0314159 -4.20436e-05 -0.00349028  
0.0942478 -4.20067e-05 -0.0104617  
0.15708 -4.19332e-05 -0.0174056  
0.219911 -4.18234e-05 -0.024304  
0.282743 -4.1678e-05 -0.0311393  
0.345575 -4.14975e-05 -0.0378944  
0.408407 -4.12831e-05 -0.0445529  
0.471239 -4.10356e-05 -0.0510991  
0.534071 -4.07565e-05 -0.0575183  
0.596903 -4.04469e-05 -0.0637969  
0.659734 -4.01085e-05 -0.0699223  
0.722566 -3.97426e-05 -0.0758831  
0.785398 -3.93511e-05 -0.081669  
0.84823 -3.89355e-05 -0.087271  
0.911062 -3.84977e-05 -0.0926815  
0.973894 -3.80394e-05 -0.0978938  
1.03673 -3.75624e-05 -0.102903  
1.09956 -3.70685e-05 -0.107704  
1.16239 -3.65596e-05 -0.112296  
1.22522 -3.60373e-05 -0.116675  
1.28805 -3.55034e-05 -0.120841  
1.35088 -3.49596e-05 -0.124794  
1.41372 -3.44074e-05 -0.128536  
1.47655 -3.38486e-05 -0.132068  
1.53938 -3.32844e-05 -0.135393  
1.60221 -3.27164e-05 -0.138515  
1.66504 -3.21459e-05 -0.141437  
1.72788 -3.15741e-05 -0.144163  
1.79071 -3.10023e-05 -0.1467  
1.85354 -3.04314e-05 -0.149051  
1.91637 -2.98626e-05 -0.151223  
1.9792 -2.92968e-05 -0.153222  
2.04204 -2.87347e-05 -0.155053  
2.10487 -2.81772e-05 -0.156723  
2.1677 -2.76251e-05 -0.158239  
2.23053 -2.70788e-05 -0.159606  
2.29336 -2.6539e-05 -0.16083  
2.35619 -2.60062e-05 -0.161919  
2.41903 -2.54808e-05 -0.162879  
2.48186 -2.49633e-05 -0.163715  
2.54469 -2.44538e-05 -0.164434  
2.60752 -2.39527e-05 -0.165042  
2.73319 -2.29767e-05 -0.165946  
2.79602 -2.25021e-05 -0.166254  
2.85885 -2.20365e-05 -0.166473  
2.98451 -2.11329e-05 -0.166664  
3.04734 -2.06949e-05 -0.166646  
3.11018 -2.02661e-05 -0.166558  
3.23584 -1.94361e-05 -0.166191  
3.29867 -1.90347e-05 -0.165919  
3.42434 -1.82588e-05 -0.165219  
3.48717 -1.78841e-05 -0.164797  
3.61283 -1.71605e-05 -0.163828  
3.7385 -1.64706e-05 -0.162711  
3.80133 -1.61378e-05 -0.162103  
3.92699 -1.54961e-05 -0.160802  
4.05265 -1.48849e-05 -0.159403  
4.17832 -1.4303e-05 -0.157921  
4.30398 -1.37491e-05 -0.15637  
4.42965 -1.32219e-05 -0.154765  
4.55531 -1.27201e-05 -0.153115  
4.68097 -1.22425e-05 -0.151431  
4.80664 -1.17878e-05 -0.149722  
4.99513 -1.11463e-05 -0.147126  
5.1208 -1.07441e-05 -0.145384  
5.24646 -1.03608e-05 -0.143639  
5.43496 -9.81956e-06 -0.141026  
5.56062 -9.47968e-06 -0.139292  
5.74911 -8.99911e-06 -0.136713  
5.93761 -8.55116e-06 -0.134167  
6.06327 -8.26937e-06 -0.132492  
6.25177 -7.87016e-06 -0.130016  
6.44026 -7.49714e-06 -0.127588  
6.62876 -7.14828e-06 -0.125212  
6.81726 -6.8217e-06 -0.122889  
7.00575 -6.51567e-06 -0.120621  
7.25708 -6.13691e-06 -0.117685  
7.44557 -5.87296e-06 -0.115549  
7.6969 -5.54544e-06 -0.112788  
7.8854 -5.31661e-06 -0.110782  
8.13672 -5.03194e-06 -0.108192  
8.38805 -4.7686e-06 -0.105697  
8.63938 -4.52461e-06 -0.103294  
8.89071 -4.2982e-06 -0.100979  
9.14203 -4.08778e-06 -0.0987508  
9.39336 -3.89194e-06 -0.0966045  
9.64469 -3.7094e-06 -0.0945372  
9.95885 -3.49823e-06 -0.0920593  
10.273 -3.30409e-06 -0.0896934  
10.5243 -3.15989e-06 -0.0878774  
10.8385 -2.99221e-06 -0.0856981  
11.1527 -2.83722e-06 -0.0836146  
11.5296 -2.66629e-06 -0.0812332  
11.8438 -2.53513e-06 -0.0793418  
12.2208 -2.38989e-06 -0.0771769  
12.535 -2.278e-06 -0.0754549  
12.9119 -2.15364e-06 -0.0734809  
13.2889 -2.03902e-06 -0.0716015  
13.7288 -1.91632e-06 -0.0695202  
14.1058 -1.81963e-06 -0.0678252  
14.5456 -1.71568e-06 -0.0659443  
14.9226 -1.63341e-06 -0.0644094  
15.3624 -1.54461e-06 -0.0627029  
15.865 -1.45161e-06 -0.0608557  
16.3049 -1.37688e-06 -0.0593231  
16.8075 -1.29826e-06 -0.0576602  
17.3102 -1.22612e-06 -0.0560849  
17.8128 -1.15978e-06 -0.0545909  
18.3155 -1.09864e-06 -0.0531721  
18.881 -1.03541e-06 -0.0516592  
19.3836 -9.83647e-07 -0.0503831  
20.0119 -9.24185e-07 -0.0488719  
20.5774 -8.75131e-07 -0.0475855  
21.2058 -8.25042e-07 -0.0462317  
21.8341 -7.79108e-07 -0.0449514  
22.4624 -7.36884e-07 -0.0437387  
23.0907 -6.97984e-07 -0.0425886  
23.7819 -6.5863e-07 -0.0413902  
24.473 -6.22497e-07 -0.0402564  
25.227 -5.86354e-07 -0.0390873  
25.981 -5.53256e-07 -0.0379833  
26.735 -5.22873e-07 -0.0369391  
27.4889 -4.94916e-07 -0.0359501  
28.3057 -4.67078e-07 -0.0349361  
29.1854 -4.39636e-07 -0.0339055  
30.0022 -4.16258e-07 -0.0330009  
30.8819 -3.931e-07 -0.0320787  
31.8243 -3.70364e-07 -0.0311457  
32.7668 -3.49539e-07 -0.030265  
33.7093 -3.30418e-07 -0.0294323  
34.7146 -3.11698e-07 -0.0285928  
35.7199 -2.94521e-07 -0.0277995  
36.788 -2.77778e-07 -0.0270032  
37.8562 -2.6242e-07 -0.0262509  
38.9872 -2.47504e-07 -0.0254985  
40.1181 -2.33822e-07 -0.0247878  
41.3119 -2.20574e-07 -0.0240791  
42.5686 -2.07807e-07 -0.0233754  
43.8252 -1.96115e-07 -0.0227115  
45.0819 -1.85382e-07 -0.0220841  
46.4013 -1.75032e-07 -0.0214614  
47.7836 -1.65091e-07 -0.0208455  
49.2288 -1.55576e-07 -0.0202382  
50.6739 -1.46859e-07 -0.0196651  
52.1819 -1.38522e-07 -0.0191006  
53.6898 -1.30874e-07 -0.0185675  
55.2606 -1.23561e-07 -0.0180429  
56.8942 -1.16586e-07 -0.0175277  
58.5907 -1.0995e-07 -0.0170229  
60.2872 -1.03864e-07 -0.0165463  
62.1093 -9.78733e-08 -0.0160632  
63.9314 -9.23859e-08 -0.0156074  
65.8164 -8.71807e-08 -0.0151623  
67.7642 -8.22506e-08 -0.0147282  
69.7748 -7.75873e-08 -0.0143054  
71.7854 -7.33094e-08 -0.0139061  
73.9217 -6.91403e-08 -0.0135056  
76.1208 -6.52092e-08 -0.0131166  
78.3827 -6.15054e-08 -0.0127392  
80.6447 -5.81082e-08 -0.0123829  
83.0323 -5.48187e-08 -0.0120278  
85.4827 -5.17247e-08 -0.0116839  
88.0588 -4.87461e-08 -0.0113429  
90.6349 -4.60175e-08 -0.0110212  
93.2739 -4.34531e-08 -0.01071  
96.0385 -4.09898e-08 -0.0104023  
98.8659 -3.86809e-08 -0.0101054  
101.819 -3.64716e-08 -0.00981283  
104.835 -3.4405e-08 -0.009531  
107.914 -3.24714e-08 -0.00925951  
111.118 -3.06269e-08 -0.00899288  
114.385 -2.89035e-08 -0.00873637  
117.715 -2.72923e-08 -0.00848955  
121.234 -2.5732e-08 -0.00824346  
124.815 -2.42774e-08 -0.0080072  
128.46 -2.29202e-08 -0.0077803  
132.292 -2.16121e-08 -0.00755512  
136.188 -2.03939e-08 -0.00733923  
140.209 -1.92414e-08 -0.00712893  
144.356 -1.81523e-08 -0.00692432  
148.566 -1.71386e-08 -0.00672828  
152.964 -1.61675e-08 -0.00653497  
157.488 -1.52524e-08 -0.00634739  
162.138 -1.43904e-08 -0.00616549  
166.913 -1.35791e-08 -0.00598922  
171.877 -1.28063e-08 -0.00581636  
176.903 -1.20891e-08 -0.00565119  
182.181 -1.1399e-08 -0.00548756  
187.522 -1.07591e-08 -0.00533135  
193.051 -1.01518e-08 -0.00517873  
198.769 -9.57624e-09 -0.00502983  
204.612 -9.03721e-09 -0.00488625  
210.644 -8.52715e-09 -0.00474639  
216.864 -8.04509e-09 -0.0046103  
223.273 -7.58995e-09 -0.00447801  
229.87 -7.1606e-09 -0.00434954  
236.656 -6.75591e-09 -0.00422486  
243.631 -6.37471e-09 -0.00410395  
250.856 -6.01281e-09 -0.00398578  
258.27 -5.6726e-09 -0.00387139  
265.873 -5.35286e-09 -0.00376072  
273.727 -5.05013e-09 -0.00365284  
281.832 -4.76386e-09 -0.00354781  
290.126 -4.49541e-09 -0.00344641  
298.671 -4.24189e-09 -0.00334783  
307.531 -4.00103e-09 -0.0032514  
316.578 -3.77562e-09 -0.00315849  
325.94 -3.56186e-09 -0.00306779  
335.554 -3.36071e-09 -0.00297991  
345.481 -3.17036e-09 -0.0028943  
355.66 -2.9915e-09 -0.00281148  
366.153 -2.82251e-09 -0.00273092  
376.96 -2.66301e-09 -0.00265264  
