# Status file for ctqmc. Used to save all times t_s, t_e.
2
69
0.06198289268921456 0.430777000653018 0 0
1.291930334292721 3.492682290609201 0 0
3.701977906911936 3.841291930470204 0 0
4.220582804197751 5.386510426212429 0 0
6.055333299458853 6.126501154380369 0 0
8.392337623328007 8.394455135365092 0 0
8.400872396620622 8.442774689098661 0 0
8.609514510970786 8.705283304864057 0 0
8.99596603032672 9.380823112089788 0 0
10.34653120309378 11.06083897784213 0 0
11.50154000920993 11.66706007963617 0 0
12.64826629305995 12.73468628205964 0 0
15.29903857841882 15.36672308911458 0 0
15.97237218276654 15.99838586381416 0 0
20.49472916855674 20.55086124224072 0 0
21.42034537288741 21.54920370216844 0 0
22.49823771404117 27.20438752719265 0 0
27.24778904246626 27.50582051999832 0 0
27.50787930632345 29.75012628058332 0 0
29.79235575477079 30.02001919474819 0 0
30.94087379420509 31.39243982323234 0 0
31.45807798329093 31.96252748061738 0 0
32.50987122516655 32.52704479683258 0 0
33.31435005040729 34.11770109962353 0 0
38.33839501071936 40.4856799323384 0 0
40.50266611163874 40.91238984375108 0 0
41.27489771584241 42.22278826428936 0 0
42.283768916546 43.75713191021476 0 0
46.19429564788083 46.22365902375355 0 0
50.23154394103598 52.80649441296522 0 0
52.85622405704213 53.43458461886839 0 0
53.63759531400403 55.17161237987106 0 0
55.21430096075145 55.43688794310063 0 0
57.07425740276783 57.15446278621403 0 0
57.40919149832386 58.62929669009607 0 0
58.6577252283617 58.87246140834531 0 0
59.37073389791659 59.59462849242413 0 0
59.72754485788598 60.29699342371672 0 0
60.57108756213722 62.33555388744087 0 0
62.34488387523569 62.39182371697049 0 0
63.43355642441502 64.02397340314137 0 0
64.1261374924365 65.06781748079477 0 0
65.16372268613802 65.30115753512807 0 0
65.37305239470092 65.60941738535782 0 0
65.96409342276908 68.18795262753554 0 0
69.04984566807572 69.24166218581635 0 0
69.31579841988255 69.46593068498115 0 0
71.49764352775115 71.76089122804616 0 0
72.35641712930868 73.32673240710901 0 0
73.62901016722427 73.77266528050437 0 0
75.19605897483865 75.82708188094428 0 0
76.49598435776471 76.70308045300986 0 0
78.43998916949934 78.66700976194466 0 0
79.71797379445103 80.16564686709987 0 0
81.09290734927352 81.26158982644232 0 0
81.47988797521367 81.58239245521042 0 0
85.49891989680913 85.53739515133474 0 0
86.74604996960198 86.74709449033715 0 0
86.92836327409925 87.03009011797201 0 0
87.14238190301066 87.30276955855382 0 0
87.34486588275722 89.25248066528827 0 0
92.04958754149899 92.22422542284866 0 0
92.48234470855117 93.13852102159417 0 0
93.57805528245139 93.67797904876429 0 0
93.85959163057642 95.13847035301646 0 0
95.40087608151246 95.74117099957982 0 0
96.35044113078362 98.45249482129132 0 0
99.21597789697853 99.32698116304543 0 0
99.69193362826316 99.80596283531322 0 0
54
0.8025091042022795 0.6681251832792157 0 0
3.503713280076999 1.232818265729351 0 0
4.605447404377521 4.154158813400463 0 0
10.87162377580533 9.028041597614143 0 0
11.61857470101155 11.56510589004384 0 0
12.96351071275372 12.53759609843069 0 0
20.87926011538786 20.03109801416313 0 0
28.32881615439886 21.47667045312132 0 0
29.86703428972351 28.39639817475674 0 0
30.21291248048176 29.98825725072863 0 0
31.44223981410009 30.6821411810517 0 0
33.77166430296398 32.56399327814736 0 0
38.02304384168125 37.86323252380965 0 0
40.99277423778742 38.48510248815295 0 0
43.076114604752 41.10366097759215 0 0
43.67100337413298 43.19839930056259 0 0
45.09799376622365 45.01871799227814 0 0
46.07694771953978 45.82352196642645 0 0
46.52838749315155 46.45692160205632 0 0
48.69164175326497 48.58326241288804 0 0
52.1050104432795 50.11709639055074 0 0
52.43240386967789 52.18897200001155 0 0
53.49011527402077 52.46681156044581 0 0
54.99136677709982 53.51408416838768 0 0
58.69617271369827 57.14703314936044 0 0
61.48062526395373 59.76905305725389 0 0
61.97393678971012 61.51462643524947 0 0
62.42353498214619 62.1328706375236 0 0
63.45673914629764 62.43075189405481 0 0
64.83142248487751 64.11559001875686 0 0
65.46055469017047 64.98441615252501 0 0
66.2800251318162 65.9516736498113 0 0
68.29442461433943 66.29825925240323 0 0
68.97962574740554 68.91718790971716 0 0
69.92052005207195 69.33223060447435 0 0
70.27266310187701 70.19455408565842 0 0
72.5293030104647 70.57431704436517 0 0
72.85327372719429 72.5829934382203 0 0
73.60335099501542 73.06585101059714 0 0
75.05661645996271 74.70493787747685 0 0
75.66769124051544 75.41397660382152 0 0
77.47873824201493 77.30923704683879 0 0
78.91244545586417 78.69307330113114 0 0
79.93433498059827 79.72986582259688 0 0
81.16043016573016 81.07156786594271 0 0
81.79138183449727 81.76201480048357 0 0
89.56669848897806 86.97519271827427 0 0
90.90787931305823 90.54588561549176 0 0
92.52423329978477 91.98825583633456 0 0
93.50573886415525 92.63923228806676 0 0
95.57290588076637 93.84114786314646 0 0
97.46599031297728 96.02329412829221 0 0
98.5462336685336 97.46735331585472 0 0
99.58674586110151 99.5639820485879 0 0
