# Status file for ctqmc. Used to save all times t_s, t_e.
2
77
1.318674073747178 1.739500451810872 0 0
2.058752660242737 2.252763868939975 0 0
4.087613750553581 5.499957433922145 0 0
8.982855279099992 9.194317686942066 0 0
12.03994336160965 12.15951954701822 0 0
13.05637995627111 13.06458303799842 0 0
13.32158066352469 13.32861120420359 0 0
14.74907236243164 14.98460198259421 0 0
16.91101519161047 16.97609539535123 0 0
18.34922642695256 18.69259646646444 0 0
18.80308462657799 20.96800632822894 0 0
21.09803121399245 21.21915883580809 0 0
22.15464328046589 22.69442105378636 0 0
23.79562499048525 23.92092081276192 0 0
24.10859068446291 24.51995072387323 0 0
25.00896654020114 25.20392842366997 0 0
25.79322474298433 26.22509983338639 0 0
26.2547178550257 26.40795540162734 0 0
26.48494856323085 26.93920111670833 0 0
27.37710614391364 27.76020354998017 0 0
27.96608181934066 28.67166750885645 0 0
28.71564919128033 28.88884133851983 0 0
29.22008720976012 31.40249453957212 0 0
31.48267631058684 32.52720762516503 0 0
32.59036188676552 32.99982848784169 0 0
33.06852098181571 33.84600380603458 0 0
34.51250085261673 34.60525117433616 0 0
35.3608963435053 35.45512391347709 0 0
36.25396447716556 36.44569185084075 0 0
37.12079187739628 37.17123354029454 0 0
38.32368567118659 38.62774215798482 0 0
40.99150860404687 41.03722338662822 0 0
41.3183213694208 41.45654002408889 0 0
42.12152283304119 42.57596486241285 0 0
42.60436873389597 45.15843856392537 0 0
45.49931290094237 46.22591113667306 0 0
49.82159714255629 49.96445573990618 0 0
52.31790044653742 52.61847570816857 0 0
52.64228934190007 53.71558767357245 0 0
57.51930859538344 57.61728622604214 0 0
58.35512262472781 58.38671762181924 0 0
59.9674843803288 60.40170446071729 0 0
60.72287678013834 60.75438829113963 0 0
60.98807395450496 64.5593889506091 0 0
65.69375199663892 66.09991334967847 0 0
66.32029510962361 66.50978620065693 0 0
66.67965884208444 66.68412043074241 0 0
69.25853626540022 69.42697530308205 0 0
70.5886817995614 70.92303844840549 0 0
74.17041945227996 74.34366681998348 0 0
74.98587455674041 75.3290432602127 0 0
75.35589647684922 76.90991539759617 0 0
76.96914411620645 76.9857688561852 0 0
79.00468782222829 79.07753929859406 0 0
79.6175548690791 79.6430631304201 0 0
80.39465096997168 80.71641991392498 0 0
80.76206634681509 82.07405044908103 0 0
82.27139420219935 82.99911179814218 0 0
83.03916246937733 84.10746847413422 0 0
84.32969019843242 84.40508088437485 0 0
84.4979723283669 84.68191005899327 0 0
84.78422932502572 84.8056075322875 0 0
85.02568390952715 86.93198616305476 0 0
87.21806814615654 88.95090334288335 0 0
88.97361773862552 89.47251139630743 0 0
90.24043119896155 90.41078028220514 0 0
90.93617640822242 91.2096845326579 0 0
91.63548424360164 91.6416022552509 0 0
92.56556861055435 93.2839559122643 0 0
93.77022610546562 93.8516549646574 0 0
94.63923908788533 94.71539716067844 0 0
94.824715792109 95.42235495609748 0 0
95.90712571840261 95.94645249134696 0 0
96.20873698788677 96.44768503933531 0 0
97.12060327847603 97.31563420468599 0 0
97.34389340447846 98.21994452082532 0 0
99.0674279675641 99.64730087870126 0 0
68
1.958478256123969 1.829467936491916 0 0
2.171978225820093 2.108917997429813 0 0
2.752409759065859 2.742957271715353 0 0
5.337690235417548 4.068678217249404 0 0
6.405275875745968 6.394067637262285 0 0
7.204286695785489 6.815295789473444 0 0
7.934805548034787 7.834379146639527 0 0
8.418567995240942 8.358866931412399 0 0
8.790867936341236 8.486164383647834 0 0
9.331343895657559 9.313200581828337 0 0
9.776322363376844 9.751357660892962 0 0
11.79465753802549 11.77695199471491 0 0
12.45080612295507 12.39845057649961 0 0
13.77163362474487 13.72750462229326 0 0
15.05002725571085 14.95391422803138 0 0
21.11375092461413 18.62263875737565 0 0
22.92702139778017 21.40768370504783 0 0
23.71131464419998 23.70784957222734 0 0
24.20421129056775 24.11440260568199 0 0
24.64389639491704 24.29564163779441 0 0
24.75617974512449 24.73895786947328 0 0
26.68699609678666 26.55990458565116 0 0
26.93741936006347 26.74952921723233 0 0
27.69703248844131 27.07612459131581 0 0
28.51182792597825 28.18842359003898 0 0
29.80750572620285 28.99370082313166 0 0
30.31583355036423 30.09061719391993 0 0
32.12477995674278 30.35546878793606 0 0
32.83817566299472 32.44137317003493 0 0
33.60594123315613 33.33183200557249 0 0
34.00717075898193 33.95124548411567 0 0
34.09824177864841 34.08379070560094 0 0
40.83497150828606 40.73233909576569 0 0
44.21621073790149 42.14344041118917 0 0
44.3163024025466 44.30436396124231 0 0
45.87076295308574 44.40136144068742 0 0
46.0222817374775 45.8880286306767 0 0
46.1554062503801 46.13479859857517 0 0
47.09532324383053 47.03928386298144 0 0
48.6156385821022 48.59177401435836 0 0
54.26851367574053 52.44442874702938 0 0
59.41283298833881 59.29386380961921 0 0
61.1095921444679 61.0668571037715 0 0
61.91920143974279 61.16816919551914 0 0
63.93105108205666 61.92982364091908 0 0
64.34655270546689 64.26769565831847 0 0
65.57164695254525 65.40367735579594 0 0
66.86499965549163 66.74842305240827 0 0
67.2651794151846 67.19374866265937 0 0
67.85046030460995 67.29630452050047 0 0
70.02785327744763 70.0016797118853 0 0
70.97537996076255 70.42145318170925 0 0
74.04022807329345 73.74531497262834 0 0
75.18050807555342 75.0265604522357 0 0
76.36980312306852 75.57890910671094 0 0
77.12158380558404 76.54827875547271 0 0
78.57306935767228 78.08750137875619 0 0
82.24367464268394 80.96018261672297 0 0
85.35924379805478 82.25265755408499 0 0
85.59846107656287 85.39838474518029 0 0
86.3086672657371 85.714352167634 0 0
87.27516250502435 86.68678681989478 0 0
87.48450884233411 87.32400826985405 0 0
89.5152195179042 87.57261836363904 0 0
90.91180267619013 90.57378523227005 0 0
92.64839336607032 92.62851763963967 0 0
97.64476665171969 97.5600934591925 0 0
99.82947641756957 97.66164282031363 0 0
