# Status file for ctqmc. Used to save all times t_s, t_e.
2
74
0.7400290443943852 0.8467335731445473 0 0
0.9193059133589206 2.019974766805716 0 0
2.119185072687452 2.323561771035278 0 0
3.172197899009967 3.571612770401352 0 0
4.39800692647465 7.146219386981979 0 0
7.236297249315987 7.527041683950356 0 0
7.654687082790364 8.217955648224001 0 0
8.409839197754316 11.11169679818286 0 0
11.17264573038904 11.76617155062667 0 0
13.50650559750087 13.60356261165261 0 0
16.06125420147049 16.09388870994759 0 0
20.16508452121716 21.45539447949511 0 0
21.46687197572318 22.6090056447962 0 0
23.04012358292321 23.2622248491498 0 0
23.4054051531454 24.5334726903433 0 0
24.72064054133967 24.89856773240909 0 0
25.16747225513059 27.01652030429695 0 0
27.45200767176053 27.54606979729611 0 0
27.81583581661253 32.47837475814468 0 0
33.27354770371424 33.64335342399577 0 0
35.09171516488952 35.29850807215216 0 0
36.21909782921312 36.84786906371943 0 0
36.99766736450795 39.52284487424667 0 0
39.63036353155869 40.679654850383 0 0
40.68649808763066 41.16342533373204 0 0
42.53545843059089 43.59537284564625 0 0
43.74737763081666 44.61609622585981 0 0
44.9704942561384 45.32828197439016 0 0
45.47209901963948 47.88043898701505 0 0
48.09187490253201 49.0907342948205 0 0
49.15585338324109 49.48066897464783 0 0
49.49666260716748 51.09149722386677 0 0
51.10084890049947 51.30351182711259 0 0
51.59949874499101 52.07131183658878 0 0
52.20395755160961 53.68492372236388 0 0
54.1334333435387 54.48027784422333 0 0
54.97646866893377 56.26158199840873 0 0
56.38369521620393 57.37406097913698 0 0
57.66512948172674 58.57842497521579 0 0
58.71231555889813 58.89194439234648 0 0
59.05701120493775 59.36340233210939 0 0
60.7320407434482 60.76181639777342 0 0
61.4054788689338 61.4995550794259 0 0
61.99395392968538 62.2709067145836 0 0
63.05508519558862 63.56648206330114 0 0
63.68254238319312 64.12153213125396 0 0
66.09127413149663 66.3208254839268 0 0
66.42241018614493 66.43663480196551 0 0
67.56667986058066 67.91956899883972 0 0
68.26900253431045 71.09770889247977 0 0
71.46753951558193 72.76223551863882 0 0
72.89765050073247 76.53489195646468 0 0
76.60586014404514 78.03795557293286 0 0
78.13501044583663 78.17267629577088 0 0
78.37226584823701 78.98222467262786 0 0
80.6907989402783 81.03700454874152 0 0
82.34927055651669 82.35478703615377 0 0
84.00964245710796 84.46592156791627 0 0
85.37010791187974 87.19937409210179 0 0
88.03069262499889 88.19423837121123 0 0
88.91296876614261 88.96639791108997 0 0
89.80268243345263 90.03154429031243 0 0
90.27222464735975 91.47127687988329 0 0
91.65111601888948 92.36947585289273 0 0
92.6215762360128 92.7900551133345 0 0
92.99172659217514 93.06708531843449 0 0
93.23902025956967 93.30073704272459 0 0
93.53084402922728 94.43766639329739 0 0
95.55034865291985 95.61478341320047 0 0
95.6911386656362 95.86150711490318 0 0
96.28631260616658 97.1771743785325 0 0
97.1861179729022 97.40631951368711 0 0
97.48646479705477 97.95954958825013 0 0
98.15152235843355 99.98829202343828 0 0
68
2.557512901248012 2.889781798936113 0 0
3.919432583391437 4.191322463732822 0 0
4.873827752246888 4.910662166997693 0 0
7.752822315263245 7.875695899820669 0 0
10.80142432032478 10.87545647430161 0 0
11.27971764766035 12.39608779269578 0 0
12.69965931100608 19.80531488684409 0 0
19.83133282642412 19.88092611495828 0 0
19.9518649026363 20.19506323641468 0 0
22.21973916325547 22.35824275424885 0 0
23.05943186104644 23.12526268701252 0 0
24.30467255151925 25.21764847240076 0 0
26.5454425855803 26.56476921126106 0 0
26.79069003823916 27.31486300904361 0 0
27.71148496677004 27.94310584158226 0 0
29.98525881241882 29.98598640287178 0 0
30.51060370262962 30.7091727107764 0 0
32.14354519625024 32.16321871025419 0 0
32.3256915797542 32.39407255887008 0 0
32.60770712492103 33.34315289045859 0 0
33.77674858910349 35.00019875076845 0 0
35.17275370666479 35.21024237199507 0 0
35.37107813672667 36.24465951896038 0 0
36.5406334995853 36.88341522921887 0 0
39.54369258253617 39.87345542666727 0 0
40.26642631107022 40.47084506469466 0 0
40.91029735047507 41.14469564334639 0 0
41.19822102771852 41.75990994650535 0 0
41.7877355430707 41.83376156336152 0 0
41.93186728222125 42.42677231234356 0 0
44.83668548432676 44.87404322732743 0 0
45.33118480204846 45.48703181913862 0 0
45.59731194197048 45.71535000196648 0 0
45.95589898503071 46.42576383023891 0 0
48.02677826481077 48.09172142796249 0 0
49.13532594644216 49.3508668062118 0 0
50.2177581507983 50.24093503264364 0 0
50.90635112080668 51.09058091741501 0 0
53.23101928657022 54.39131859271304 0 0
54.50418275338787 54.73947873672658 0 0
54.9077033938096 54.99338076548797 0 0
56.00302160519526 56.1149124858723 0 0
56.20666158625797 56.4512956084732 0 0
57.38531241764921 58.15115676842185 0 0
59.08352146490883 62.16412333097264 0 0
63.04679720947484 63.20123361493101 0 0
63.75547825531093 65.66801973164456 0 0
66.54538391019906 67.31963812951619 0 0
67.74465595590594 68.21032988121999 0 0
74.67325477418835 74.75349272163974 0 0
77.65713431453631 77.9612882517513 0 0
78.07441296680965 78.10126717320257 0 0
79.04942735572199 80.09871785785077 0 0
80.16850433829565 80.88188334554874 0 0
80.97961398555586 84.47784507134365 0 0
84.51577055139525 85.08590237625937 0 0
85.2450026671618 85.44583174528971 0 0
85.75408549971573 86.1752384555504 0 0
86.60059361655304 86.69343401004541 0 0
87.15324287570111 89.4594608357702 0 0
90.5200930643158 90.59571024194972 0 0
91.65629321165112 91.87884475434288 0 0
92.12826624256898 92.52480022234995 0 0
92.99296508062889 93.71576866417789 0 0
94.58635384633916 95.50167875236561 0 0
95.94012095194972 96.32808992518405 0 0
98.3423197898635 98.69591181764279 0 0
98.75208723568009 99.02877002620767 0 0
