# Status file for ctqmc. Used to save all times t_s, t_e.
2
56
7.950740426779957 1.945608624044862 0 0
10.30661588116629 8.72677123611847 0 0
11.02245628132598 10.41737445715161 0 0
12.69052088989473 12.61776886605122 0 0
15.13795886847304 14.04498160678825 0 0
15.73000545613747 15.4225788923476 0 0
16.20206368910896 16.09088547452621 0 0
17.21832667430246 17.15172267933452 0 0
23.80083602319308 18.21151474629974 0 0
24.14070539582388 24.04288700990285 0 0
24.73596450869229 24.29582320661767 0 0
29.06225880013193 28.25275645708428 0 0
29.73428877098584 29.15026213725557 0 0
35.73945911650454 33.90663127129753 0 0
36.38740300736002 35.87307306023617 0 0
37.15347571380592 36.88899080409665 0 0
41.76650902198548 39.08736427680162 0 0
41.95924052902429 41.79547505638584 0 0
42.49917420397794 42.15163601553791 0 0
44.96796073391769 42.50547286520327 0 0
46.93500855411908 45.45686572325313 0 0
47.42256552510672 47.3730652362248 0 0
48.43211189761506 48.29944916346884 0 0
49.41149344007645 48.60059962234324 0 0
49.47633214579599 49.4398994844281 0 0
50.62673353550263 49.50662326189556 0 0
54.57072328261243 50.92328613013423 0 0
55.23802428608933 54.71706791172262 0 0
58.67915997821005 55.45676831179695 0 0
60.16127662363345 59.10862548158517 0 0
60.69262804671043 60.24047949399601 0 0
63.51975701766187 60.85067450847578 0 0
63.95094614385631 63.74650332284909 0 0
64.23786890364742 64.18654873297335 0 0
65.23365369464352 65.04996263892588 0 0
67.72443163029911 65.56116490550831 0 0
68.89494401697061 68.34955286199019 0 0
69.39897892239215 69.09433652971165 0 0
70.95793717468842 69.68816404703324 0 0
71.75170370303506 71.50877958005333 0 0
72.44008977549603 72.20958122570643 0 0
72.68721234046015 72.64071802545672 0 0
73.17702978750154 72.91215246738925 0 0
73.85724138216402 73.22427960620723 0 0
75.54277690755501 74.63797513237448 0 0
78.7838032184999 75.82753923395144 0 0
80.16511585515467 79.74357875292048 0 0
80.74190961191273 80.70998852317258 0 0
80.94802456871132 80.94722786463473 0 0
83.84638213814129 82.20985615334496 0 0
85.53109991200589 85.34351290634639 0 0
87.18458915588258 86.79324505655318 0 0
87.35860701702777 87.32067177334538 0 0
89.72891541294021 87.72976917031677 0 0
95.78919101512709 90.01794977614388 0 0
99.68227204300594 96.58569203819695 0 0
59
1.947091233836877 2.017011575301077 0 0
2.060122326882645 2.724786639083126 0 0
2.958695800840557 7.656087204711929 0 0
7.794671687270623 7.977214370708992 0 0
8.692081853058516 8.796267639314054 0 0
8.943914803938233 10.250557603801 0 0
10.46247986754951 10.57531828212301 0 0
13.93944470190062 14.62321003115165 0 0
16.60819179306877 16.6526361100645 0 0
16.90797561375018 17.18779844987733 0 0
17.40811773124484 17.76082761962923 0 0
17.85985843984144 19.63589867358421 0 0
19.88344369658161 22.77789285065656 0 0
23.18951389976908 24.26116298185188 0 0
26.1663202979469 26.59111300341882 0 0
27.02863265352648 27.50033313936313 0 0
28.14717669418624 29.30823521906859 0 0
30.2904735768728 30.35517452308868 0 0
30.94205508536533 31.04864179853989 0 0
32.44334450978033 32.49381717717007 0 0
33.90232933230685 36.48018849648523 0 0
40.10479347335274 41.39107724544741 0 0
41.71177418904532 41.89052464135298 0 0
42.43584387155421 43.94060578479388 0 0
44.059287787457 44.16836908113768 0 0
44.17952740903774 46.75302489763036 0 0
47.21773203601346 49.28099251328652 0 0
49.4185026849446 52.03079957512629 0 0
52.35570365374686 52.51654455382842 0 0
53.32963962072115 54.03225476264345 0 0
54.28813379280903 56.33716232105726 0 0
56.6483502031985 56.93854972586801 0 0
56.97013252131322 57.24676435625734 0 0
57.25255498475016 57.44286673531344 0 0
57.8523296656078 57.9001005392623 0 0
58.25344901571535 58.57265359519231 0 0
59.07376733610207 59.71137848748998 0 0
59.91156825942878 61.21746019517706 0 0
61.29085104128466 61.48510683890094 0 0
61.54522441122448 64.04852442858622 0 0
64.1633597155684 65.21159873892208 0 0
65.63761747883537 65.75207424564783 0 0
65.84742897081441 66.50055751277354 0 0
66.96064495831052 70.15905270983063 0 0
70.17328633999806 70.27009177256431 0 0
71.61029501891021 71.79682447425523 0 0
73.08056061547168 74.97379446367856 0 0
75.00015658813157 75.68270318945996 0 0
75.7638329732212 75.78320423362401 0 0
75.98201119883363 78.7503069582467 0 0
80.38589617091732 81.06771868941881 0 0
82.18513930042725 84.24574949100443 0 0
87.16464404071748 87.76077977050389 0 0
87.80207613297735 90.45410806541547 0 0
90.65022122720356 93.50934672939772 0 0
93.75333747924407 94.1983580258772 0 0
96.49653269424103 98.26657213718515 0 0
98.27125094215305 99.20168683869363 0 0
99.25016645348504 99.38342116429642 0 0
