# Status file for ctqmc. Used to save all times t_s, t_e.
2
64
0.7192702003584877 0.09462517438241491 0 0
3.159548312272886 3.117931537200264 0 0
3.368925432067966 3.307194573200348 0 0
4.461506682115639 4.354526649102969 0 0
4.772934681970998 4.691454824552688 0 0
6.8478236026694 4.792974897978518 0 0
8.060886590978962 7.525180018397164 0 0
8.592566261041247 8.430616554151145 0 0
10.13467641465861 9.503486576813792 0 0
11.96570014609337 10.37064324016394 0 0
13.73303753208846 12.31866262118405 0 0
14.21706493713172 13.9551942495645 0 0
15.23941213538611 14.25777888474647 0 0
16.67024532472645 16.64305352553595 0 0
16.7732116229162 16.73676496699376 0 0
17.99687223783185 16.84521682270166 0 0
19.34181505576404 19.21205434136595 0 0
20.34349269929982 19.55077514511688 0 0
21.61684067000969 20.52764856959497 0 0
24.2064634931208 23.99319610222807 0 0
24.43332684374944 24.32308241519875 0 0
26.94164725472117 25.85343746397418 0 0
27.33799899597866 27.28221133115072 0 0
27.74013211091538 27.47060847376584 0 0
28.42758041497406 27.99518587220848 0 0
28.70111444564563 28.52139510292135 0 0
29.88480733653502 29.27724546862735 0 0
31.87792366203377 29.89477221559465 0 0
32.65837037439018 32.25307097324701 0 0
35.71616713086728 35.61439954289879 0 0
36.02063033433812 35.99262541203187 0 0
37.06563990532931 37.0152202666182 0 0
37.9228984796647 37.20218003548946 0 0
38.34069957186465 38.14033709981153 0 0
39.1913966748842 39.16699380407935 0 0
42.65166630733454 40.2454652262208 0 0
47.82532856469984 42.70768449695499 0 0
49.46862123594478 47.89109468797545 0 0
50.25213048873727 49.80703852248058 0 0
51.56338104840807 51.33260125515845 0 0
56.09895422654061 52.78849852505287 0 0
56.82572329579494 56.56733966492854 0 0
58.7395872228444 57.11133008074726 0 0
58.91281776445673 58.76735304244685 0 0
60.05210881829971 59.84587317499952 0 0
60.90830602833046 60.13501586540082 0 0
61.17476700285874 60.99420185655735 0 0
63.20344020884792 62.58611260149607 0 0
66.59042192425987 63.27300176756653 0 0
70.52965423591822 66.59711981971004 0 0
71.59399217017976 70.7687668038398 0 0
80.46640780281963 71.71468888325344 0 0
81.11241664584153 80.94536913127499 0 0
85.48788081498087 84.06753665196226 0 0
87.30797009726774 85.77420600065992 0 0
88.64337236673158 87.34734593606666 0 0
90.63737681364282 89.10836597393629 0 0
91.90886598956938 90.70984665845306 0 0
92.45704484023906 92.02446099396795 0 0
95.19604972852531 92.79403369849057 0 0
97.96235143093855 97.82282929138219 0 0
98.26268006271484 98.23496365869539 0 0
99.17888197631891 98.41577740620575 0 0
99.92212401791221 99.34753102404471 0 0
71
0.03218427032430782 0.3576857141143819 0 0
0.5337138785045008 0.7349713675530657 0 0
4.774722980685041 4.800927510731637 0 0
4.966782417416733 4.991285934771827 0 0
5.021847658505564 6.358701671743601 0 0
6.519885814777545 7.846188038314216 0 0
7.910737965244442 7.951298206387465 0 0
10.57884096677662 11.91971327527365 0 0
12.3742442186873 13.03561670184781 0 0
14.68540969419397 14.79181038012277 0 0
14.94781691308078 15.36594516147527 0 0
15.40356396754541 16.14174964158043 0 0
16.76157131381538 17.65086145523928 0 0
17.65515629575998 18.30185220226119 0 0
18.60543182915525 18.68473440407485 0 0
19.38713777093131 19.96407944921668 0 0
20.15535151057678 21.08817720571462 0 0
21.56450295035759 22.10237013464771 0 0
22.54910681614094 22.74523605115457 0 0
23.5644800107583 24.28101991343121 0 0
24.71611910227472 25.02026711910999 0 0
25.42820625436071 26.79132051710971 0 0
28.07126247169006 28.34305548468892 0 0
29.17439390904768 30.68386436508117 0 0
30.94655027493191 33.86728166496653 0 0
34.10604749594889 34.37002582375828 0 0
37.18885683532444 37.52505074858058 0 0
38.06802163580139 38.42530922801264 0 0
38.68320337978139 38.70755731041959 0 0
39.24916884590783 39.25589741798359 0 0
39.63265092255693 43.19614893831967 0 0
43.45568347321578 43.5278995453029 0 0
43.643494898153 45.031560667117 0 0
45.17419214327037 45.35956251230188 0 0
45.36640798411868 47.65394184612747 0 0
48.0312774014266 49.0279951266315 0 0
51.35027222285581 51.53801016952564 0 0
53.31852398601095 53.39198182157821 0 0
53.48280678724666 56.52632439582693 0 0
56.75070675013563 56.78443919338334 0 0
58.06030472182793 58.92156971919069 0 0
58.98525347313526 59.14396642077515 0 0
59.28672642504561 59.34110132079135 0 0
59.39243254655528 59.52968671678743 0 0
60.15321621909833 61.09736779835359 0 0
61.69339480972629 63.46404364478427 0 0
63.48101139722747 66.4321727279478 0 0
66.46090917166437 68.88726363577806 0 0
69.04077972498521 70.82448274921946 0 0
70.91335642780678 71.53401229228463 0 0
71.8621224948696 74.44791514451583 0 0
74.49172469003268 74.84096046006721 0 0
75.23792712143403 75.72138812354764 0 0
75.89641131603896 78.90127224269898 0 0
79.16630527784899 79.55198121260274 0 0
79.74986911837365 80.11714823504228 0 0
80.34962818383796 80.43556691413511 0 0
81.98926284429771 82.00957316720064 0 0
83.34272300876827 83.46953535204155 0 0
83.78572197607551 84.03425137391729 0 0
84.08262049131335 84.87023834044008 0 0
85.17642071303209 86.747338423749 0 0
87.17374668831813 88.78364471964983 0 0
89.11240853527673 89.84877546872204 0 0
89.87680068653746 91.17273081164674 0 0
91.35550470889666 91.71715591299184 0 0
91.82366408053605 92.5654231817862 0 0
92.94262960566809 93.18295685931687 0 0
93.42841213861085 93.74264814670038 0 0
94.55442014647448 95.17099721837246 0 0
98.33178198540375 98.85538879273494 0 0
