# Status file for ctqmc. Used to save all times t_s, t_e.
2
66
0.2544661554317003 0.5269335598055704 0 0
1.050216355807038 3.289298844493312 0 0
3.540765528316282 3.66966783550961 0 0
3.771327246524153 3.777719777994049 0 0
4.296333886258264 4.35019532331763 0 0
5.764309641773559 5.975424992523594 0 0
6.012517069171631 6.432424568849739 0 0
7.188613233550066 7.766825675945134 0 0
7.803706233013004 7.831156097293055 0 0
8.110465457636796 8.944425448008257 0 0
9.133504168868679 9.271230261583 0 0
9.56167418726691 12.00681456772782 0 0
12.18858311885974 14.04119791352714 0 0
16.57709241739586 16.76992195631943 0 0
16.91183511319508 18.72816587425593 0 0
21.1781757323931 24.70083569375527 0 0
25.2571515196484 25.39584770165621 0 0
26.19369090071762 26.42476774838378 0 0
26.91108885679126 29.41362909404397 0 0
29.59313581805494 29.61339721782952 0 0
29.73866203737832 30.19665635298096 0 0
30.21677143777412 32.7446566066674 0 0
32.77443623375267 33.07851392345307 0 0
34.19316419106081 35.07876343912159 0 0
36.32018271166488 36.38015205709894 0 0
39.90623708662581 40.25613476962154 0 0
40.43339956424485 40.90048364722365 0 0
42.32029591483003 42.35408794972329 0 0
43.11313633303648 43.1790215368925 0 0
44.38880888633274 44.71431882441999 0 0
45.648958780925 45.72242293582594 0 0
48.49347223205747 48.6379029888367 0 0
52.88267447536939 53.41299286029128 0 0
53.56982027947144 56.00075112487205 0 0
56.19808061901426 56.89384551625784 0 0
60.12717048190177 61.10551502351254 0 0
61.79322655885002 62.12673464599639 0 0
62.23982474635969 63.77376371292146 0 0
63.81898056389071 65.28714348728558 0 0
65.34924272017669 65.37920681036837 0 0
65.70933269640376 65.71055947826707 0 0
66.07103821560088 67.32726362668642 0 0
67.38375732276965 67.63345595483149 0 0
67.67266055314306 67.86920162113046 0 0
68.60201127397666 70.32495906453337 0 0
70.67951690858875 71.28595153781909 0 0
72.13085332661561 74.67790264673461 0 0
74.69951061697817 75.10021531664624 0 0
75.1060682390346 75.41417355757473 0 0
75.99305666834803 80.12624812761274 0 0
80.18990901370384 80.31848270861113 0 0
80.32624430251039 80.38662948756907 0 0
80.74704738416554 80.76067814807632 0 0
80.80051239278839 81.68596007842065 0 0
82.63064062428168 83.03646226932457 0 0
86.13143031623612 86.28017147548613 0 0
87.40991956610718 88.38490328930827 0 0
88.48510579600952 88.56189719831016 0 0
89.01873377489949 89.06047214448195 0 0
89.36272742418888 89.5306042610146 0 0
90.73808636959744 91.20448092154881 0 0
91.21276341902771 91.2569755790438 0 0
93.81947283695376 93.8603352190019 0 0
98.03010467720163 98.05258113998603 0 0
98.1228044877531 98.15481199147619 0 0
99.35541349791552 99.50395984988933 0 0
63
2.951085533127617 1.685830559341494 0 0
6.538840092591313 5.496487301685329 0 0
9.244981864040177 6.709827701693088 0 0
9.859827174483961 9.557470900093051 0 0
10.75287308167687 9.876908777502221 0 0
12.05173980607377 11.03143336989716 0 0
13.77978903070782 12.05860837006071 0 0
14.12432041037569 13.90273794535415 0 0
15.13104921582967 15.00562819349905 0 0
18.55031047021682 16.62985519450983 0 0
21.38536204165968 21.07989675353225 0 0
24.71385649445333 21.708675050815 0 0
26.21295629671114 26.21062030275228 0 0
27.84176170732069 26.58570757727978 0 0
29.24226487642688 27.87847267585919 0 0
29.47015184138033 29.3698316863887 0 0
30.55626564101625 30.08502830167819 0 0
32.32541433600065 30.57506570008153 0 0
33.11811152454658 33.09458765820549 0 0
34.53816967583813 33.98497885621037 0 0
34.87573233311983 34.5459391527019 0 0
38.79084460268677 38.66130761791007 0 0
41.53188339757789 41.11281984653888 0 0
42.19922850599971 42.06671807851533 0 0
43.20943011131908 43.18545994834545 0 0
43.72349985929523 43.64390626514175 0 0
47.16697272789832 47.00926420682006 0 0
48.57133071690853 47.98331204633194 0 0
54.13862485889255 52.73854076951021 0 0
54.28847506459015 54.15365112551139 0 0
56.95179692951142 55.32982584899334 0 0
57.60051652904971 57.48090330783376 0 0
61.37372584596672 60.35366714703106 0 0
63.19416842672812 61.93312669697905 0 0
63.41392830823391 63.35080045163789 0 0
64.03824688874276 63.82426455892655 0 0
64.30790105077746 64.13935319297144 0 0
67.233378274057 64.37660635878892 0 0
67.99085131672447 67.55454580838082 0 0
69.09068614292204 68.65601881628814 0 0
69.80816281350178 69.28534120401648 0 0
71.64753164924807 69.84856930886693 0 0
72.67408640794599 72.16195511049941 0 0
73.1366371456439 72.68269451171281 0 0
73.65769898018817 73.17627541294381 0 0
75.21614223163621 74.12293674358305 0 0
75.43613423494487 75.36394455171306 0 0
78.49169409185249 76.61762947987908 0 0
80.49126916574549 78.85459528938131 0 0
80.99940777178981 80.97609566117367 0 0
81.1424476702711 80.99975865138599 0 0
84.64679221534973 83.8440291077637 0 0
87.88435780800202 87.65956439792529 0 0
88.93737004752448 87.98644506880781 0 0
89.0597690662576 89.01774928665874 0 0
90.92382455209732 90.89206517105765 0 0
91.0960773833381 90.96833954827461 0 0
92.3374765453116 92.2206119340795 0 0
96.82766610949867 96.37983694997013 0 0
97.72252889440078 97.29598106140926 0 0
99.20309690401024 99.11084871744823 0 0
99.66048812389624 99.63873240170558 0 0
99.9868229608611 99.9456397946856 0 0
