# Status file for ctqmc. Used to save all times t_s, t_e.
2
66
2.528972743702092 2.889767285065737 0 0
3.449829668203999 3.793120319856092 0 0
3.94349391359868 4.568035382643711 0 0
7.437174922494175 7.543671476771622 0 0
7.624133794126501 7.679836846269698 0 0
8.169003081599975 8.210204281001291 0 0
10.56467710468399 10.98332650041205 0 0
12.28965169091251 12.6635511218532 0 0
15.56819542186786 15.85574488846792 0 0
17.36496041222188 17.69409712450143 0 0
17.71134299075432 18.06984318220299 0 0
18.28630871860853 18.37894160179935 0 0
18.52779975694327 20.83521967443044 0 0
21.6202511450484 22.30746605760035 0 0
23.47641005310555 23.69167437432508 0 0
24.12432597398632 24.66224164063784 0 0
26.17765233329656 26.2637473106479 0 0
26.62181834058805 26.64058031293851 0 0
27.46758448692596 27.63512526406814 0 0
27.70633974508058 29.99976849047468 0 0
30.01800785549655 31.53284794056373 0 0
31.62992833578717 32.1147229384699 0 0
32.22417743673367 32.89131030791025 0 0
33.40948419222468 36.51336735208453 0 0
36.72960495099015 36.89827363444852 0 0
37.2335822137476 37.3873777889443 0 0
37.61144791090396 39.29494666062112 0 0
39.4746818782965 40.26822464580707 0 0
40.45308900672584 42.75331514737685 0 0
43.00240996598092 43.02691912575368 0 0
43.20876316194715 43.24547082609503 0 0
43.63432495061748 43.83666059853201 0 0
45.51351499369978 45.53821583464264 0 0
45.54712654069983 46.68712903284031 0 0
46.83546842550167 47.7951565009086 0 0
47.88687519782891 53.4315667882815 0 0
53.76080361656954 56.7016370762758 0 0
56.72624945501676 57.28663802783021 0 0
57.61915951055324 57.66204814982228 0 0
58.50079791868551 58.78518983252629 0 0
59.16783820925025 59.45138684118487 0 0
59.48773255811687 59.49274296375899 0 0
59.71970224863922 60.40719470888833 0 0
60.62154770488497 66.72310363409062 0 0
66.90071054037884 68.97503000323127 0 0
69.01284238737915 71.78527043620299 0 0
71.99346915502213 72.81395497637402 0 0
72.96508503596672 73.74710670119431 0 0
74.18956931457153 74.37036085721576 0 0
74.84192090516196 74.92222543671221 0 0
75.1652879932857 75.36910017440822 0 0
75.37795932335534 75.39435626943984 0 0
76.09974036491289 76.34707474253733 0 0
76.52426417053339 76.69023591142304 0 0
77.93036683994461 77.95843205651124 0 0
78.41419814595071 79.55383084034598 0 0
79.78619490925045 80.09415716191047 0 0
84.00482006954275 84.02558020563227 0 0
85.75648104058656 85.87582777343347 0 0
88.87697706019055 89.45549546102782 0 0
89.63139107826453 89.96239774760892 0 0
90.15941962900408 90.69919928110676 0 0
92.77292396629258 93.59141790523402 0 0
94.73323654021605 95.05733798180472 0 0
95.15767201847946 95.76266126753332 0 0
98.73014281399377 98.9594039075146 0 0
73
1.108477324318313 0.2013774274464026 0 0
1.339342112700226 1.293464352747398 0 0
2.509044810723186 2.233945066345061 0 0
5.087761016001756 3.230022989032022 0 0
5.533910410580599 5.135427915166657 0 0
7.129554951117352 7.087385612409578 0 0
9.011102055299435 7.227870934617207 0 0
11.42430570386174 10.12568986336711 0 0
12.57198874945923 12.34435631494585 0 0
13.06547992719771 12.98117640272638 0 0
13.76874900310232 13.65425115895058 0 0
15.65919661867693 15.6026210615147 0 0
17.6174544761057 17.48223270641682 0 0
17.93160821396925 17.61789243547416 0 0
18.26804088621419 18.26531884249946 0 0
19.84645206972491 18.32164566785847 0 0
20.47904962616976 19.96996433054841 0 0
21.03996992510613 20.48235565024462 0 0
22.23570939373365 21.42609453261268 0 0
22.86693033380523 22.85682780479009 0 0
25.00895343603122 23.50162343611243 0 0
27.08099218798579 26.71012432286573 0 0
31.02461184893047 27.11852886225475 0 0
31.3690311545281 31.0904362952708 0 0
32.71964858803864 31.37925176933217 0 0
33.15305896048837 33.13539051377518 0 0
37.19103366569152 33.22653376498521 0 0
38.3157712491235 37.38065687678061 0 0
38.42560282915944 38.32475117866139 0 0
38.97547671523881 38.75264810308254 0 0
41.06571898215671 39.4412367932928 0 0
42.33236549569195 41.19008219774355 0 0
42.63026644651167 42.41290085729053 0 0
43.07674768519197 42.94776759098086 0 0
45.51595981095511 45.50074063622226 0 0
47.51915259834104 45.61889065305223 0 0
48.88091196127446 47.71252895404702 0 0
49.661428767111 49.08024105295395 0 0
52.88695662516162 49.81133181524578 0 0
54.58559511656912 53.05795047480041 0 0
56.78998892678976 54.91788342772259 0 0
58.30394967335788 58.02497781866907 0 0
58.72030218771142 58.49449564708983 0 0
59.49462529805869 59.14442143803102 0 0
62.42113127566536 59.89782921750081 0 0
63.04654800942085 62.69879439772964 0 0
63.36545835095916 63.12469051492035 0 0
65.64013659254415 64.13202651305292 0 0
68.25177948013847 65.85794105662681 0 0
69.61166571370407 68.28444799622589 0 0
71.13578455799448 70.45857879921999 0 0
72.52094338538753 71.25817641390502 0 0
73.57476547368385 73.14172246595308 0 0
74.67889994472118 74.47685483349505 0 0
76.39570570115394 76.23942293290528 0 0
77.45968693831416 76.9322047015421 0 0
78.40749318213142 78.34090482687937 0 0
78.82993761464884 78.75765556903805 0 0
79.56326042604105 78.96944111084204 0 0
80.12420574406451 79.99628378274787 0 0
82.07953276965719 82.01551959263325 0 0
83.09654192035532 83.06113614261974 0 0
83.64508336092446 83.55806144863861 0 0
88.73324761035444 88.72134117404222 0 0
89.40771501855407 89.01207668965411 0 0
90.04233806182209 89.95198280884081 0 0
92.67156504923469 92.39437630655691 0 0
92.8770094830073 92.76603891040946 0 0
93.6820718841155 93.07374967046496 0 0
97.00528840641111 96.72997080463264 0 0
97.16722809073454 97.13022700337267 0 0
98.55143809078655 98.52060137912265 0 0
99.03005841869009 99.00751827035631 0 0
