# Status file for ctqmc. Used to save all times t_s, t_e.
2
59
0.6956341068980756 0.8109727015340695 0 0
4.670706975220622 4.684546103214464 0 0
4.78922623366855 5.566735669279681 0 0
7.214000085915771 7.51767699772134 0 0
7.650233012825778 7.735442641437971 0 0
8.127206390030963 8.459087057945258 0 0
8.490430376100957 10.46925085152651 0 0
10.77836927375044 10.9074823017202 0 0
11.50623771184458 11.7775569377807 0 0
11.81231627179776 12.42417389131941 0 0
12.53144071755133 12.7626305775049 0 0
12.91542843126638 13.71566284750949 0 0
17.16495072562411 19.02533951556509 0 0
19.18552881613144 20.3652493117641 0 0
20.43774222622123 23.02052336379706 0 0
23.23893654063024 23.27755302224289 0 0
23.41476870343982 23.59571707190208 0 0
25.00054841692738 25.53506943775933 0 0
25.67593843668842 27.59115489998531 0 0
28.11452735274527 28.28750972707557 0 0
28.52827497787477 31.49281890532632 0 0
33.98569344921368 34.20725088381199 0 0
34.22916020313038 34.42041004102821 0 0
36.32290529187501 42.04834556235438 0 0
42.22952123979591 42.95000252367636 0 0
43.21862489359282 44.52766136864869 0 0
46.8072609098911 47.04574731163973 0 0
48.30573820785912 48.38036351811616 0 0
49.1678904210772 49.35048694698868 0 0
49.5992248598701 49.68174308119861 0 0
51.72186790317706 53.3841205277742 0 0
54.08503518156017 54.10985645695449 0 0
54.6026323292024 54.78465498762699 0 0
54.83936837552822 56.00940739688992 0 0
56.07576522194692 57.69023810780909 0 0
58.33577092719838 58.74579180794877 0 0
60.26864081095203 60.37682682036045 0 0
61.46846264719742 61.66354302932639 0 0
61.96567747211533 64.10266053943364 0 0
64.3642383724042 64.82162862107923 0 0
64.87935723640707 65.03987429669044 0 0
65.62322163871097 65.75381371793125 0 0
68.18692400485523 68.87517615316754 0 0
69.16178876807628 69.21134964332053 0 0
70.11793882281044 70.66087265972494 0 0
71.76766023739077 72.82695371477566 0 0
72.82889296686113 74.13216155194351 0 0
77.45689703750337 77.7439951632567 0 0
80.48554363813346 80.94972265255068 0 0
81.61410789985135 81.72279637039402 0 0
81.74460677769902 81.74622878739879 0 0
82.29146918546748 82.89998135848117 0 0
85.56604207475446 88.33477265508012 0 0
90.02938787555442 90.55533090633394 0 0
91.90448161471835 92.43187521836441 0 0
93.91196036205106 94.04084422292767 0 0
97.66089384801923 97.73550294281993 0 0
97.83206714625405 98.73903427824429 0 0
98.74329251331402 99.80040388849396 0 0
70
1.159178553892573 0.8303302323530062 0 0
1.763151130297761 1.54041266690008 0 0
3.604267770375353 3.554977010868353 0 0
8.670784299303632 8.199557812416167 0 0
10.98375016902026 8.713405015277878 0 0
12.32624924905635 11.37999604495862 0 0
12.76175382511171 12.60622640213648 0 0
14.04477740173829 13.01146890776448 0 0
14.74586220823834 14.64250830367068 0 0
15.32348892624226 15.24658696570329 0 0
16.08619524677285 15.45796112909811 0 0
16.15643471203482 16.13435633905737 0 0
17.65505626062089 17.30716210264084 0 0
21.59381983553248 17.75180318530007 0 0
22.33404655799115 21.9594175466828 0 0
23.06281513857759 22.52108344565681 0 0
24.46387761599429 24.08283007932187 0 0
25.80082656201206 24.93850590201425 0 0
26.78930867370506 26.52076723391831 0 0
27.38883232106327 26.97226980475618 0 0
28.28617124018913 28.25127400574056 0 0
29.03606947250477 28.43389677042011 0 0
30.4874192340565 29.35633305691578 0 0
31.72953389821758 31.60317344274424 0 0
32.13525474578682 31.9041018738865 0 0
34.19056718207917 32.70915592814067 0 0
38.89490476391678 36.34973690213941 0 0
40.92202753520237 38.95684707970648 0 0
41.21234279137035 40.94853943810534 0 0
41.67297153724818 41.41156703002063 0 0
42.66639674174952 42.25761972157906 0 0
44.31134341399982 42.70753042404488 0 0
45.40550183879083 45.07755905005575 0 0
47.01271445208465 46.32541423108265 0 0
47.19793838194231 47.06536583823333 0 0
49.31441808146445 48.57832509296249 0 0
50.06190291210089 49.41224965759874 0 0
51.07881646688553 51.01462741529014 0 0
53.36091688835861 51.70571827069135 0 0
57.61328997482973 54.60427994528153 0 0
59.11953404269565 58.85707029062085 0 0
59.66403189581965 59.39118572519839 0 0
63.66960610512247 62.02234320877287 0 0
64.94850194048445 63.75735245409611 0 0
65.39014344355624 65.02485806644825 0 0
66.18446351693174 66.11571710522261 0 0
66.64166907975198 66.62385225895757 0 0
68.28915232936546 67.25063400996486 0 0
69.1389876244119 68.36670537206352 0 0
70.55939749897418 70.21064278909326 0 0
72.30066320346815 72.19691522693776 0 0
73.9552371257905 72.53984693877088 0 0
74.01088382934752 73.957510352521 0 0
77.7244463910142 77.57859189360939 0 0
78.36942360336623 77.8129277052292 0 0
78.42031997152395 78.40955756658113 0 0
81.03753182575295 80.17754659525239 0 0
81.48330761925637 81.47740280117978 0 0
81.88381482222152 81.88366322975926 0 0
88.31970349429666 85.22625331763584 0 0
88.45083255592027 88.40150376578218 0 0
90.32755626475821 90.11084438247465 0 0
91.18601544284867 91.04089678254343 0 0
92.53318772753683 91.98600146471119 0 0
92.67236624743198 92.53595634759098 0 0
93.60140320366405 93.57949197882026 0 0
94.39579428573028 94.29022208820597 0 0
97.68296314331711 97.65015389654313 0 0
97.7896576409524 97.735847657172 0 0
99.01114861315872 98.33264593012271 0 0
