# Status file for ctqmc. Used to save all times t_s, t_e.
2
59
3.229359210889764 3.601277455776461 0 0
3.981271131912993 4.176940494591967 0 0
5.084668392925277 5.591262987170993 0 0
7.024880276590791 7.253690713147061 0 0
8.116018320019062 9.162871599724392 0 0
9.183207630289415 11.06565540861024 0 0
12.84191991265351 13.44940204676497 0 0
14.49569218760999 15.04951968438056 0 0
15.23096224255612 15.2385072146611 0 0
15.24126582616424 16.03723765191966 0 0
16.41947837374695 17.0425448123228 0 0
17.29239285390267 18.75958065401596 0 0
19.42046987030907 19.42462085067533 0 0
20.03204889005438 20.21222632585146 0 0
20.34097063927985 20.37754436215943 0 0
21.21133836383646 21.35323694993226 0 0
21.96545676510745 22.16704919796704 0 0
23.08334515318824 25.91856159196424 0 0
28.44409589766323 28.47109373862137 0 0
29.29308188774226 30.29630045616335 0 0
31.38652659790885 31.94331779266652 0 0
33.81631751566734 34.56882652961383 0 0
36.55758833130619 36.73797208217086 0 0
38.43270227851785 38.44329420924997 0 0
40.27743779974793 42.94239979599836 0 0
43.04625754610426 45.77774194436541 0 0
46.00666228091582 47.17989945429203 0 0
47.62645826867029 48.21772398878374 0 0
48.25243726859554 49.23880837979161 0 0
49.74137439322963 49.81343785480773 0 0
50.37569782961098 50.57472771627822 0 0
50.67477123365091 50.90071850988183 0 0
50.90609451490867 51.03747860519403 0 0
51.48580792682746 51.5618413687675 0 0
51.72059103545931 55.94623244085513 0 0
55.94963768725286 56.26846151029902 0 0
56.28572779767429 56.87283808845404 0 0
56.94180995386206 56.94582965031991 0 0
57.33858978762845 57.36626091699073 0 0
57.67548219599757 58.62980183357187 0 0
61.28695574601747 61.36375610028003 0 0
62.1753805342771 62.26484655801603 0 0
65.1973590987282 65.53738591654796 0 0
68.89287664033407 71.82893965702264 0 0
71.92705235467355 72.40942852372947 0 0
72.48893564718831 74.36236229328118 0 0
75.833753083004 76.01836593635011 0 0
77.49791078637617 77.51779976411811 0 0
80.94611369480201 81.33533177508329 0 0
81.36144421081359 83.91708747957253 0 0
84.16879506464498 87.49179720365997 0 0
87.56317457015412 87.98482145799022 0 0
88.19697683515318 89.78478959920929 0 0
89.82917787813111 89.86166047477484 0 0
91.91139308061612 92.21079495709203 0 0
94.6791072724351 94.70272487084166 0 0
95.4639131448895 95.46979177951066 0 0
97.46802650119305 98.5350066420219 0 0
99.27863459098498 99.34628465852782 0 0
63
0.4928891563047503 0.4685678316850783 0 0
3.695137483961747 3.339134727607322 0 0
5.555609679155363 4.876893165451258 0 0
5.711589946548988 5.672010395493885 0 0
8.939557906301028 7.705871658039771 0 0
10.65400446758538 9.053604081376134 0 0
13.3410937517078 12.43402313759929 0 0
15.8463511231495 15.58880373366768 0 0
16.13828661822136 15.95595949291558 0 0
16.3522301030366 16.33669835714419 0 0
18.8857042346064 16.49309454347158 0 0
19.42746997466116 19.35478613193132 0 0
23.22335310040259 22.97839002708712 0 0
25.3792786211048 23.72939143881889 0 0
26.9434615381737 26.8325634775501 0 0
29.10186087769047 28.80952243536574 0 0
30.19358974031885 29.17840350831632 0 0
31.04229580286351 30.36452119988006 0 0
31.61868249530554 31.17044463018284 0 0
31.83214387660695 31.77467215009383 0 0
34.02969298228101 33.26258384854088 0 0
34.60062932564369 34.5645672431569 0 0
35.39583360397388 35.06397124520601 0 0
35.78358239767416 35.7642412472159 0 0
39.29138421692331 39.26094557184697 0 0
42.00712532590057 40.12216229043314 0 0
44.11330892150571 42.02177387104841 0 0
46.8618047873013 44.56473470375284 0 0
49.35717255651886 47.32503590287748 0 0
49.87803264434957 49.50241708441251 0 0
50.57319618944225 50.28212378751907 0 0
50.94137176071094 50.74428457144691 0 0
50.99594378733016 50.99170759090305 0 0
56.76836810410346 51.11800488865285 0 0
58.05161143006858 57.87757875287831 0 0
62.20901325799332 62.18666767213968 0 0
62.98558677596402 62.98166712655812 0 0
63.95286633668358 63.64462320220829 0 0
64.33973485865764 64.30659562080112 0 0
69.15070734959323 68.81710385855651 0 0
70.87432203774036 70.05376291578355 0 0
71.38801584419622 70.87741303976171 0 0
72.44874127797091 71.50394168356043 0 0
73.52149611429776 72.75134947227779 0 0
74.81393374590338 73.68904819430217 0 0
75.28560562713852 75.10410937804795 0 0
75.9082221335245 75.76515921057052 0 0
77.15741390837884 76.95274523163556 0 0
80.317653694054 80.17587461564695 0 0
82.42070298153288 81.06882553694032 0 0
83.56489143329175 82.56432824847184 0 0
84.55933655100077 83.67714781415769 0 0
84.79142647085334 84.74110492714857 0 0
85.55917870223894 84.97091989338854 0 0
89.79291879972889 85.67749132280761 0 0
90.00813253707383 89.91144558951305 0 0
91.13112535455878 91.11227713715901 0 0
92.00239854224611 91.59168868374809 0 0
92.22122690898264 92.12311219857543 0 0
92.3960785573091 92.32828371101135 0 0
94.31435840692684 94.11815243978522 0 0
96.36543254064608 94.8033751847836 0 0
98.53150641446913 97.24815847181333 0 0
