# Status file for ctqmc. Used to save all times t_s, t_e.
2
63
1.932928658646588 2.472496868660612 0 0
3.567036189030606 3.639752053891958 0 0
4.99737622560735 5.662759464893632 0 0
6.960385884588233 7.251338484499545 0 0
7.876786723080495 7.993866428074941 0 0
8.140626235092325 8.987124755314236 0 0
9.00775010337272 9.571868733339301 0 0
9.587222542295574 9.859410877099371 0 0
12.32165639578892 12.95492025260338 0 0
14.17897293911049 14.48235239542625 0 0
15.54900572778198 16.09236842442158 0 0
16.20779157038201 19.37022840213002 0 0
19.38143085643426 19.88211401428606 0 0
22.49738836470108 23.54444573135799 0 0
25.70735550920274 25.97280464740662 0 0
26.34098323517345 26.84487847429525 0 0
26.88186918152688 27.29514146667162 0 0
29.40893255347811 29.50085771688765 0 0
29.8555561094944 30.23879165207834 0 0
30.37758336739343 30.91157364969698 0 0
32.40192315599559 32.5444337010259 0 0
36.95660343642916 37.00895637902804 0 0
38.19967707040865 38.21681878517878 0 0
39.12162120105692 39.94363132144455 0 0
41.19707780911269 41.25387546075492 0 0
42.84172484369392 42.85386462982219 0 0
43.21703823520564 43.42746501189882 0 0
44.38954242188825 44.63416848154466 0 0
44.97139494964402 44.97964291978739 0 0
46.745708203884 47.6505477908511 0 0
48.0150326517633 48.18856031980133 0 0
49.01187001653511 49.32756791481054 0 0
49.41330995381537 50.22603515396826 0 0
53.76763224730172 53.77348884736736 0 0
54.15736475116495 55.83702088444638 0 0
56.07228848992211 56.28554430469051 0 0
56.33191507773364 56.33931759521307 0 0
57.29752382440831 57.42484289254366 0 0
61.1798165372693 61.24700123545136 0 0
61.64988821065772 61.90695300350026 0 0
62.34893232067532 62.46470993938674 0 0
62.66076469426986 62.7418150808271 0 0
64.07663177260279 64.25649024237666 0 0
64.94427476932226 65.11921779236307 0 0
65.51711228599828 67.83057572116785 0 0
67.98379022891061 68.19304917305168 0 0
71.71067821609557 71.733336043218 0 0
72.63329623712654 72.78202742658878 0 0
73.01744645874331 73.02454277775507 0 0
73.05181428185711 73.05379169092814 0 0
73.99051864358178 74.29744402606694 0 0
75.64902525490653 75.7375674561962 0 0
77.7644943109639 77.93952676965608 0 0
79.4849379742268 79.48871658451171 0 0
81.34465384643138 81.45175514064381 0 0
83.55191713652377 84.12467603066762 0 0
89.2558188145648 90.93595641792542 0 0
91.37711964284355 91.40454487829544 0 0
92.84460462560443 92.91739044903298 0 0
93.94691652617921 94.81807001719091 0 0
95.00612422750707 95.57177353305524 0 0
98.38436800878016 98.59352419338141 0 0
98.90610984021352 99.68006164833086 0 0
51
0.5116274226456654 0.438953999173151 0 0
1.04172451294177 0.6963254410049449 0 0
2.225556176722762 1.202063617491577 0 0
3.431235170329879 3.320876679790258 0 0
5.924106226203381 5.513178111097255 0 0
8.817164192566491 7.086774013118121 0 0
11.34951918527416 11.14277471347483 0 0
13.12529919285181 12.96698755653165 0 0
14.18449664059677 14.14545352512521 0 0
14.98823459878843 14.89989317985361 0 0
15.82280335594799 15.76922966012105 0 0
16.19446061205915 15.98889340615289 0 0
17.47015253256978 17.2766458012754 0 0
20.23124319879083 17.48877722538571 0 0
20.64777456515548 20.40719756526739 0 0
24.07578393448573 22.54723772144515 0 0
26.05778437606265 25.5401299527499 0 0
29.09290208844358 29.05898091458392 0 0
30.81907386305415 29.48279096394323 0 0
33.29165501404159 33.0671236161148 0 0
37.1438753873482 37.08516098953679 0 0
39.08019481937777 38.71684179460079 0 0
39.17437339230132 39.13288355290094 0 0
39.85708744533648 39.28168035189848 0 0
43.38178742339721 43.35319780654753 0 0
43.78481824055286 43.65184630761681 0 0
43.9510324257922 43.82026261834706 0 0
44.7353487123039 44.44636229606871 0 0
50.26636710555518 48.86226481269414 0 0
52.61519080334587 52.22674295259346 0 0
52.70001087404313 52.6472392610836 0 0
53.11088226491493 53.05902201486199 0 0
54.15357809256587 53.97177162799482 0 0
55.77931983030223 54.83653333950109 0 0
55.88921193013262 55.79595198384801 0 0
59.63434296327742 59.37808619063124 0 0
61.46279901896999 61.19600826419968 0 0
61.94323897680647 61.85565060846227 0 0
64.60202416428082 64.14550966649394 0 0
65.98904265301425 65.13107997330503 0 0
67.19830110121811 66.18899210291652 0 0
67.32149594907237 67.20254022322709 0 0
67.75981628199807 67.54854943849777 0 0
68.1159936182968 68.04628282411956 0 0
69.26485172470336 69.13824037388255 0 0
77.6711845397017 77.28058690589705 0 0
90.00709004452703 89.44348863317278 0 0
90.83470430340772 90.43359406560293 0 0
92.07479499116155 91.92187287217848 0 0
95.36006956577313 94.64101604032297 0 0
98.87361196565166 98.86637667485563 0 0
