# Status file for ctqmc. Used to save all times t_s, t_e.
2
66
0.0451319841784823 1.853190282809779 0 0
2.748784436751186 5.555910338811728 0 0
5.7226165370204 10.96172383619403 0 0
11.24253204644604 12.13083611564655 0 0
13.10521525632083 13.39203128587137 0 0
15.85638489104637 17.24021915377908 0 0
17.37259126281269 18.68465147747935 0 0
18.92230335073128 19.18160608257708 0 0
19.28688860672273 19.29611068830671 0 0
19.49050426220365 21.47883694131966 0 0
21.49718776669941 22.73426423905073 0 0
22.75624627248188 23.00970855478178 0 0
23.26735408611014 23.42150028367861 0 0
23.68373279280929 23.72045682756818 0 0
24.18662547123834 24.53230605644539 0 0
24.56903467952708 24.58152022614764 0 0
24.63741131783986 24.80173797075749 0 0
25.12303327651146 26.16782281385578 0 0
26.51413265045614 26.65354645381782 0 0
27.09984597177796 27.21696983977781 0 0
28.86360895251149 29.33181693738814 0 0
31.02896122110008 31.1401321589701 0 0
31.14295756268863 31.24904241705946 0 0
31.64501387973732 32.17418004271153 0 0
32.59784910579799 33.25415935339753 0 0
34.76204290795604 34.87654170879605 0 0
35.6566441718273 35.83543173318104 0 0
35.96306038244824 36.21088658277443 0 0
38.3936701690271 38.53187103862037 0 0
38.99490316528391 39.54979647420468 0 0
42.30258919969081 42.64880693816774 0 0
43.15856447079581 43.34845163429525 0 0
43.69078327478169 44.06256423869952 0 0
44.53579996720954 45.43812185087573 0 0
46.77192576321953 47.4184095245104 0 0
49.52238820620284 49.55977113083099 0 0
50.19370183699005 50.44630790750853 0 0
50.70921552947087 50.78151181244273 0 0
50.96093330496463 51.12027778084294 0 0
51.24244189398195 51.55688155652678 0 0
52.29876805287296 52.53486804853432 0 0
53.66219279857678 54.38057727561907 0 0
54.49070552244477 54.62502198604711 0 0
54.98537101008633 55.36355358218114 0 0
55.75302341381531 58.17973216407512 0 0
58.23201755408486 58.3558967631628 0 0
61.52061652455982 61.68900043484776 0 0
63.44628210523399 63.50476570868044 0 0
64.06563840645426 64.6917821559172 0 0
65.92918340474446 66.03497343101543 0 0
67.101780827179 68.02993374986029 0 0
69.40452179264746 69.756445913085 0 0
71.4902362123469 74.99641950134735 0 0
75.0565086929288 75.90289158917541 0 0
75.97918005489134 76.09511793272324 0 0
76.87052134413196 78.13066071250235 0 0
78.28262716810879 80.28666615770777 0 0
80.50685572144148 81.97074082699947 0 0
82.2743337372923 85.46435072709887 0 0
85.59157487042064 85.62495480325993 0 0
86.32295806530819 88.15932210171543 0 0
88.26959238732391 89.15924728192758 0 0
89.44442726688034 90.22038000995795 0 0
90.23952586608392 90.61006567003389 0 0
90.64186614723185 94.23741764429761 0 0
94.50768887255489 99.93847566348043 0 0
66
1.671414957602893 2.586636456956516 0 0
2.889207749061734 2.891133590517305 0 0
10.97190664565603 11.30805624881269 0 0
13.73668492991367 13.91437528671401 0 0
14.14603653830493 14.81768037642065 0 0
15.21203733339932 15.39656256996699 0 0
15.86194322970317 15.94298107742864 0 0
17.1093709092232 17.21359685173821 0 0
18.12007787986236 18.24658631938039 0 0
22.3181906217512 22.32961194677464 0 0
22.54806648469912 22.59371337268025 0 0
23.24523104535201 24.06906858747158 0 0
24.32760118899865 24.91208385629496 0 0
25.58411127227065 25.81821219522063 0 0
25.88532425961383 26.42027282029154 0 0
26.44904443613809 27.6068716760192 0 0
27.70971356262915 28.13457025712307 0 0
28.28680086374668 28.50256718091009 0 0
28.64975549099451 28.89293021680473 0 0
29.01860518353756 29.69833074758073 0 0
29.78460810545798 30.34680093712819 0 0
30.41487314309315 31.69663573926369 0 0
32.14500303470482 32.38641637674614 0 0
33.17349072510282 34.50446226087534 0 0
34.58967360597916 35.24663592297937 0 0
35.31165499514811 35.81124612133268 0 0
36.006667201402 36.56725624492952 0 0
36.8525864009787 36.91439373680969 0 0
36.93237324404735 42.94306021243032 0 0
43.11586690817612 44.2319586884616 0 0
44.43641882558813 45.15830422641249 0 0
45.94109347300889 45.94169248378649 0 0
47.36459819168198 48.11335448347337 0 0
48.39495087228116 50.22015465721863 0 0
50.39914593973624 50.98164954779957 0 0
51.48914958630067 52.2030770461106 0 0
52.58641494158866 52.89200879870997 0 0
53.50224510092541 54.34241550095815 0 0
55.34446316486185 55.5270484721368 0 0
55.86634998577755 56.04096825756544 0 0
58.18255233848414 58.35511325323042 0 0
59.04255522794868 59.62050885384463 0 0
59.69044684902837 63.57008379344635 0 0
63.57394749043642 63.99276515749807 0 0
64.61161666089427 64.78217291888674 0 0
64.95968889586295 66.25212169984103 0 0
66.39002027123088 67.03492125482622 0 0
67.67577899129533 69.12942657288768 0 0
69.86100517780405 71.40297053875597 0 0
73.13646245767201 73.35140263746251 0 0
74.69962673223948 74.94104619803393 0 0
75.06753236820309 76.32407288962106 0 0
76.39045882460923 76.87516167581686 0 0
81.72639566693027 82.47243966526209 0 0
83.53320347699042 83.67223536713446 0 0
83.73508196342729 83.81850677150264 0 0
83.97167942160738 84.32339025696471 0 0
85.16828238942074 85.17522547185597 0 0
85.20576997503493 86.22105263405977 0 0
87.74481021627456 88.61698012172742 0 0
88.97488686135316 89.19969526669209 0 0
89.50948427288256 89.56584040660138 0 0
95.42693603558504 95.559478884212 0 0
95.91742292468722 96.01250487163514 0 0
97.89516894436611 97.95020967546006 0 0
99.08112731840977 99.15524950353955 0 0
