# Status file for ctqmc. Used to save all times t_s, t_e.
2
67
0.1126260330759408 0.5136069530189773 0 0
0.5975126751983861 0.8895264432967498 0 0
1.634768319179661 1.708102743854056 0 0
1.899876916987018 1.992953250916015 0 0
2.864986570831367 3.299865377987324 0 0
3.827843531211613 3.835170360791893 0 0
4.050294787600301 4.155294498049267 0 0
4.17184234410123 4.509792224975487 0 0
4.587673378325078 4.643186811856189 0 0
6.659135050315783 6.679971661975023 0 0
7.411360569341272 7.718648740897345 0 0
7.839047741430428 10.34157035212094 0 0
10.60460152560722 13.50767446456231 0 0
14.67937160518721 16.02921850470734 0 0
16.07181589145907 17.09695443502467 0 0
17.45373182867056 17.64558244905281 0 0
19.59538437544629 19.64326903416811 0 0
21.69362510771704 23.1845736637611 0 0
23.2350593282217 26.37698843852747 0 0
27.00115595402269 30.65230081907065 0 0
30.77315385844171 32.20551730072583 0 0
32.80020108788391 34.42937073602001 0 0
34.47461490324772 35.35192381430502 0 0
36.00467129752439 37.47560421695024 0 0
40.821102622679 40.8430339352016 0 0
44.16815694743343 44.21992856223273 0 0
44.80785618081256 44.8949313318032 0 0
45.0723597195771 49.72795923633279 0 0
50.89927865570355 51.37220908919194 0 0
51.39916506133637 51.62773863582201 0 0
51.90324119914535 52.21689295484985 0 0
52.5297449697422 53.78682430746865 0 0
54.02767524084693 54.05673964525804 0 0
54.07566182680846 55.59564677563851 0 0
55.7161730359432 56.73253182403295 0 0
56.76955401207567 57.2593879530442 0 0
57.40750059077408 59.36454376124939 0 0
59.57842982316571 61.05897861258019 0 0
61.10061325793222 61.48534110410966 0 0
61.62853732585113 64.48677766167133 0 0
64.50234204642514 64.53469032403164 0 0
65.15022340548921 65.48388694656387 0 0
65.60028945927053 66.31781982698068 0 0
66.40099595136535 67.13848982715839 0 0
68.11098266600432 68.52048938125533 0 0
69.84175895817866 70.03397823747029 0 0
70.18538964990317 70.20109335270911 0 0
71.11306846676817 71.87364984330544 0 0
72.24539615406634 74.53547373423316 0 0
75.33482747467598 75.57023088513613 0 0
77.44240765655491 78.37827248539547 0 0
79.06318795030663 79.68978138886185 0 0
80.93870427577336 81.18955032457629 0 0
82.13641205620662 82.36889381103435 0 0
85.13074069900698 85.62417008320247 0 0
87.17798024198758 87.49392658923914 0 0
88.45035856739612 88.60659251291435 0 0
89.51652314539754 89.78052219765044 0 0
90.85239527929812 91.0518120215836 0 0
91.78359523987621 93.88164488778222 0 0
93.90457152593901 94.08439198563349 0 0
94.333766483763 94.413141349672 0 0
94.85850669144176 95.82091666504354 0 0
96.27527362924775 96.69610344019091 0 0
98.41593068713297 98.59232896181837 0 0
98.83000895317593 98.87970590036886 0 0
99.00111643368037 99.37821008109907 0 0
66
0.1272578664786579 0.1535402739721121 0 0
0.6906830807915569 2.702546771635383 0 0
2.820355560804058 2.945604700462697 0 0
3.241780123649412 4.929670015527138 0 0
4.939667256809422 6.040628435810292 0 0
6.288710722406098 6.405754667936224 0 0
6.458977357676849 7.255572232592662 0 0
7.263610344157706 7.43361603124424 0 0
9.391938466227407 9.520257078743686 0 0
11.7460824281898 12.659311091444 0 0
13.19494166879077 14.91674149441044 0 0
17.27465376061863 17.99317591082616 0 0
18.00825153220482 20.49749709001079 0 0
20.61518722381106 20.88803358709898 0 0
21.21339803557257 21.35506768500811 0 0
26.0950419489541 27.05736838847549 0 0
35.62650024357416 35.85871247009135 0 0
35.8602485929485 36.54308904276896 0 0
36.92361174275786 36.98302079909739 0 0
37.56182661573011 37.70517940024332 0 0
38.13392040309662 39.75085646549712 0 0
40.52080533727516 44.08874168813698 0 0
44.24996684747936 44.35986195638956 0 0
44.39071727184285 45.78433232793954 0 0
46.84965820180088 46.85984656269333 0 0
48.01151362503554 48.09811635266393 0 0
49.3725578156323 49.570870311505 0 0
50.06773564568194 51.11268574495458 0 0
51.3077088768183 52.06464378496072 0 0
52.27391288360169 52.57357715996341 0 0
57.49923172147396 57.78488047225652 0 0
58.92294094229237 59.18849937876706 0 0
59.79768249970817 59.84826582646924 0 0
59.85271252445875 60.07406426251704 0 0
63.94913688830584 64.71481029739034 0 0
65.6417411399807 65.71239738442044 0 0
66.12476997828709 66.20881766884787 0 0
67.11430569377518 68.07378023507545 0 0
68.47934881845028 69.48707022341526 0 0
70.48937050420629 70.71468531150441 0 0
71.00092457476181 71.14049730128795 0 0
71.68403174900163 71.80552507682376 0 0
71.89492181316069 72.21786781507166 0 0
73.68905007684864 74.09571369139474 0 0
74.36046197069456 76.14571414270722 0 0
76.2329871850603 77.08504696392714 0 0
77.8687985395032 78.2235756908116 0 0
78.24548965061874 81.70384821262897 0 0
81.72498399658883 82.93086559416069 0 0
83.06524090004635 84.07508239096796 0 0
84.55396182595591 85.60451300936906 0 0
85.63750820145916 86.98294606325693 0 0
87.22410695078815 87.6765463330695 0 0
87.87905582122461 89.1245534650589 0 0
89.14238231644687 89.14720338589754 0 0
89.16939213945265 89.851811359758 0 0
89.91561794713202 90.20119830269815 0 0
91.62716533515724 92.14400928650655 0 0
93.77875329448661 93.84658926824576 0 0
94.1033198515141 95.06283453871495 0 0
95.44011382826976 95.48372292085243 0 0
96.01158844624545 96.19821145355702 0 0
96.3545640103755 97.68033046623044 0 0
97.77926508268659 98.51107793761042 0 0
98.56894681764251 98.77902504335825 0 0
99.93985402852555 99.97987377430169 0 0
