# Status file for ctqmc. Used to save all times t_s, t_e.
2
65
1.111632943371214 0.9106479417877154 0 0
1.732175563983328 1.353972815739682 0 0
3.153196280356695 2.865435669740247 0 0
4.709024715722252 4.452620812630484 0 0
6.482426941182571 6.08969545977885 0 0
7.523305886641648 6.562223235086454 0 0
9.99909373666048 7.604062124117024 0 0
11.06961775580088 10.13609860110877 0 0
11.7904021491709 11.35715009478021 0 0
15.34351252927063 15.16960708732669 0 0
16.6069847487374 15.94616149101009 0 0
17.65765513420037 16.8796067238605 0 0
17.83271414094617 17.81448209362339 0 0
17.96254191139974 17.92642280571996 0 0
18.66390428291377 18.10866714674299 0 0
18.8592173932759 18.7564205034715 0 0
22.05874947671791 22.04229458385253 0 0
23.11202983725022 22.14550679112162 0 0
23.52735317875564 23.44078388769457 0 0
24.9804877078213 24.8150361237678 0 0
26.59187321308297 26.50740118833638 0 0
27.73063695670059 27.69236607713495 0 0
38.39411463389171 38.35341556161084 0 0
42.34686924165437 38.49341318576196 0 0
42.99642526498102 42.78328455622012 0 0
47.42099127350444 45.67251356159547 0 0
49.39859326694336 48.98034846210938 0 0
51.03522553109768 49.43082116982411 0 0
51.25078812286692 51.20252861529598 0 0
51.53807555112635 51.5285363289988 0 0
53.46264379036575 51.92378581918699 0 0
56.00066919529074 53.60216870321383 0 0
56.8245805226446 56.78004729269945 0 0
57.37854809592842 56.84631366354497 0 0
60.46410430377312 58.42944786858894 0 0
62.63014598258079 61.15682223991479 0 0
63.3059274130237 62.97833749622225 0 0
63.91498520191765 63.40681741673624 0 0
65.72872715547395 63.94214406308731 0 0
66.15725507455679 65.9819050823876 0 0
66.34247802291645 66.33408284440917 0 0
71.25720660797558 67.99768791496867 0 0
71.65394236226567 71.37833305527052 0 0
72.37738442034315 72.29495941588512 0 0
73.66214131033098 72.69994808015004 0 0
73.78792851859525 73.78063941548787 0 0
74.87381985160916 73.78805152372072 0 0
75.43197593598835 74.88010631161298 0 0
76.83105099438835 76.70492139359459 0 0
77.48049775401134 77.08203631682315 0 0
77.90171455013495 77.53842883754527 0 0
79.6803119993625 79.53180958740968 0 0
79.84514749946794 79.80736675716237 0 0
81.18601924814644 81.07741460905866 0 0
82.45482321975912 81.84396417373222 0 0
85.56087044723725 83.15422156859256 0 0
87.19299692458284 85.6731177066969 0 0
89.34983096404828 87.20566864639542 0 0
90.23566292322826 89.72160274627942 0 0
91.72985339911374 91.652330665807 0 0
92.71737632328501 91.98807254721447 0 0
94.32119382892844 93.22281169801698 0 0
95.77042906876714 94.99005274578771 0 0
97.85968629631169 97.78869269160204 0 0
99.46494372491344 97.90013981493966 0 0
72
1.495031179354043 0.2992242833033742 0 0
2.227551315789503 1.535475987727102 0 0
5.563167782752485 2.326677679377858 0 0
9.401731792245917 9.298251332657584 0 0
11.90721087848398 10.89559577865373 0 0
13.4964303858484 12.01014396213884 0 0
13.89886557904526 13.62607959523784 0 0
14.42654760781181 13.90555461364489 0 0
15.42613328353252 14.78192535006654 0 0
17.44417933120437 17.22897060048663 0 0
17.94960910906251 17.76470914443905 0 0
18.54720417795117 18.49251026171024 0 0
19.25225643517896 19.10096546359197 0 0
19.96913822214418 19.86978692466905 0 0
23.42616795034029 20.08202485200541 0 0
23.62632285294426 23.6160051499651 0 0
24.76503291752691 23.73674652193778 0 0
25.42661402343942 24.82161419474826 0 0
30.9372841905474 25.5466094115388 0 0
34.45436428266958 31.38366190767567 0 0
35.64443751142308 34.46050009011812 0 0
35.89193052024413 35.8163151517603 0 0
37.91456503628545 36.45124971329086 0 0
38.7314819138174 37.94770908820063 0 0
39.32342399575897 39.08557730499687 0 0
41.38679667837803 41.3795693650535 0 0
42.96693226870845 42.58325575191748 0 0
45.30917397563825 43.00425497382533 0 0
45.67824451293771 45.36159983667371 0 0
47.24366614763752 47.01489826241431 0 0
49.21293474981343 48.53531425494206 0 0
49.45108027362316 49.21602389977171 0 0
51.31220930353144 51.0050364138259 0 0
52.39494773338043 51.40426656286681 0 0
55.78947345386507 55.00286407061774 0 0
56.10176401699147 55.89685391123528 0 0
56.89489889327625 56.1886497846636 0 0
58.03676319515439 57.29814270458004 0 0
58.41494578085932 58.27926603408689 0 0
60.09177930192758 59.76696559481437 0 0
61.39347342445052 61.15249829621381 0 0
63.69065832339179 62.67921837068754 0 0
65.31226533673217 65.01163088181949 0 0
67.9931957610785 65.95365434502315 0 0
70.16791228888552 69.50737524089898 0 0
70.83947186685508 70.83116380145579 0 0
71.23515712655114 71.08914509004056 0 0
71.31377487606011 71.27616937773337 0 0
71.82688318886113 71.53438976871888 0 0
77.056166747674 75.47813383472223 0 0
77.39836378733229 77.31372428312152 0 0
78.237872072174 77.44639158046087 0 0
78.43976720379827 78.29143212506376 0 0
79.62496722112434 78.54686300234374 0 0
79.95863830190922 79.74795278241514 0 0
80.91372309368978 80.05576222249492 0 0
81.24268794549393 80.92203979606499 0 0
82.13764881352789 81.33455890166935 0 0
82.88556022583076 82.49418537104789 0 0
83.45944361054583 83.20191928160152 0 0
88.89877682462347 88.84016551113052 0 0
89.84115533066058 89.29351654724033 0 0
90.18893306789298 89.99926155665855 0 0
91.03184885846461 90.31368077130929 0 0
91.51282921635304 91.44247907847367 0 0
91.85096718118722 91.55333085522874 0 0
92.46228230204449 92.07219596638615 0 0
95.30997512374573 94.43350293373115 0 0
95.66154690761837 95.5613105008805 0 0
96.38444657209274 95.74572220125118 0 0
97.55252100044852 96.9050666451401 0 0
97.91106798646052 97.69623876714334 0 0
