# Status file for ctqmc. Used to save all times t_s, t_e.
2
81
0.814662700437836 0.8156621652668292 0 0
2.316871874310407 2.480029556963919 0 0
3.977585734676174 4.198316760128945 0 0
4.917436361573701 5.271210440400442 0 0
5.382866755962906 7.134338771053994 0 0
7.215110669012259 9.363883562354827 0 0
11.18705552693083 12.11304977226854 0 0
12.33102788263862 13.848560202174 0 0
14.80207453153207 15.05210015582892 0 0
15.78163975996056 16.53513002323546 0 0
17.06446327556105 17.10024043725871 0 0
17.89976286016007 20.27210091602866 0 0
20.47496884585854 20.50299484399952 0 0
20.54765719236931 21.36452378300743 0 0
21.38669021343412 22.43066884048241 0 0
22.50200098811927 23.65709266291231 0 0
24.62010987294898 24.91270495906184 0 0
25.54804569166193 25.63026756243032 0 0
26.34020536416117 26.98431425294592 0 0
27.14228437857821 27.92680841808261 0 0
29.08164881706216 29.49310855682009 0 0
29.80429210521844 30.90989519047433 0 0
30.94233532876575 31.68173465703874 0 0
32.1603149272222 32.26254217617135 0 0
32.35478645145639 33.37854106668762 0 0
35.21697954987217 35.35590057733076 0 0
36.020434545518 36.17927192672222 0 0
36.26072284127248 36.56853673787103 0 0
37.43142559317969 37.59123423559452 0 0
37.99721103132249 38.04800345387753 0 0
38.19948961368908 39.30089444609641 0 0
40.79172466439421 41.06638867559375 0 0
41.32068360642321 41.44044191135178 0 0
41.92052492013399 41.97666605383345 0 0
42.01207535390602 42.18977045083751 0 0
42.75445142762305 43.56812912835857 0 0
43.58709662465461 45.11461214810508 0 0
46.06788404948873 47.15322694594218 0 0
47.16349757081087 47.53281885243308 0 0
48.53604173983998 49.08465404810458 0 0
49.1334705711951 49.80656641315134 0 0
49.89083976193112 49.95846265782844 0 0
50.11336161519732 52.84538986962168 0 0
53.00009929939819 53.4108576092744 0 0
53.54452890291983 53.57636743638205 0 0
53.58350439239683 54.43567846754248 0 0
57.61995547902524 58.02293445194911 0 0
58.28710699168843 58.67965735835568 0 0
59.61446787712662 59.79596087897889 0 0
59.82267765858501 60.05113698820941 0 0
60.20070693116962 60.70925993014387 0 0
60.79276736685601 61.07033874493995 0 0
61.54507022200713 63.53703996432812 0 0
64.22762404598643 64.61924726377428 0 0
65.46517238011982 65.60319460215877 0 0
65.73224633546189 66.21302362039141 0 0
66.40083877251675 66.5670788414629 0 0
67.02626170268671 67.61783004289326 0 0
67.70343648085452 68.76417420245181 0 0
68.78267200891618 69.57348840487629 0 0
70.51169219162355 71.25809307916359 0 0
71.41935625246022 72.3937548544987 0 0
72.53658823894703 72.73653355702953 0 0
76.94016957017948 77.16639653668375 0 0
78.89181604361208 79.03843511685163 0 0
79.71718168556038 79.72165458914826 0 0
79.72235847124995 79.81546785927974 0 0
80.91019254450073 81.08876119372314 0 0
82.03825422381038 82.29549954501611 0 0
82.95358383648725 83.77821542303651 0 0
85.17198937259347 85.23279452289316 0 0
87.93257671872919 88.12010562861398 0 0
88.22573647567866 89.57549064515376 0 0
89.73058961051912 90.487540994866 0 0
90.54395242274451 93.63441298955391 0 0
95.61688192722966 95.64849779558594 0 0
95.83472596684709 95.84108173028922 0 0
95.9951594404035 96.09428493698867 0 0
97.22530378083954 97.46681255213659 0 0
97.70089504412556 97.74999577929765 0 0
98.02068045542076 98.09776891905523 0 0
72
1.534002864548521 1.316408051418474 0 0
2.59809986424816 1.843843875890277 0 0
2.920418491142676 2.627943587513475 0 0
3.531598261132753 3.430084026881687 0 0
5.593924247595229 4.387918762379617 0 0
7.321820931854771 5.608368668159343 0 0
8.327592881546838 7.419989592132515 0 0
9.346957981932286 9.34430718734051 0 0
12.43869876467896 11.34324626308636 0 0
13.41447954782357 12.75518029645329 0 0
14.15594222501397 13.99337293917433 0 0
14.57482808392771 14.52878492426087 0 0
14.88121554213321 14.75619561939644 0 0
16.59139644290084 15.74153391808374 0 0
17.38253933869386 17.28033314431616 0 0
20.48090743245187 17.93427907753671 0 0
23.9543363824174 20.51271633291409 0 0
26.57739803832377 25.56925984181997 0 0
27.01753015331608 26.60201848928608 0 0
27.84172402351322 27.68335925760336 0 0
29.79128228841009 28.85673843084527 0 0
32.27374825986184 30.06384897979245 0 0
32.79299146269249 32.33742252215076 0 0
33.48499488724168 33.11110137629885 0 0
34.30663298498681 33.51578432884241 0 0
35.26793430819231 35.23309984765724 0 0
36.18073303378453 35.87357570546387 0 0
36.98445384885251 36.55532390912864 0 0
37.21928418511828 37.03908160051289 0 0
37.62815601105503 37.33593389996128 0 0
39.30025069961278 38.15370192937228 0 0
39.5080736107865 39.41516738634238 0 0
40.96427915241053 40.81407954322776 0 0
42.00554726147755 41.32871239172159 0 0
42.94912562804295 42.59983679365864 0 0
43.05791856580833 42.9536949899279 0 0
43.6823767797251 43.43259710533919 0 0
45.07778204724498 43.73098730988468 0 0
47.32730841241154 45.66618575073777 0 0
47.84284659971325 47.49102298757519 0 0
52.1411434993614 48.53594292739854 0 0
53.71012787808773 53.00603066084668 0 0
57.19871088978212 56.93337112863568 0 0
57.98043140664426 57.65013029742972 0 0
59.61485391289676 59.4594314754113 0 0
61.01827708226233 60.63632199089731 0 0
61.7490644938248 61.50345703361867 0 0
63.46283945668403 61.93278712520232 0 0
64.48566141998971 63.75451217846719 0 0
64.72196555384369 64.63149469299742 0 0
65.30010300118154 64.96777738731191 0 0
67.84620448276817 65.89518657774686 0 0
70.04522953749652 68.03982781993714 0 0
70.2243766418984 70.16793244725093 0 0
72.69326740396112 71.42732277605943 0 0
73.87064415338662 73.59564957208504 0 0
75.88984509979382 75.75554953176332 0 0
76.45671390056377 76.28144016879544 0 0
81.62188622634937 81.59244044258143 0 0
82.23854073661792 81.92858371171759 0 0
83.66621046850838 83.28341810709672 0 0
84.64687018829036 84.51972746028603 0 0
86.08274228507807 85.76041317995004 0 0
87.11722369463449 86.9905712979301 0 0
87.50982207137456 87.30175924240213 0 0
87.71576469630578 87.64341321884586 0 0
89.58371585817591 87.81728697285492 0 0
93.04113946657446 89.75266076433475 0 0
94.30229580962151 94.13192452803074 0 0
97.27444532405914 96.75269393944872 0 0
98.13776945884979 97.97102528908614 0 0
98.78756879453934 98.23919100318091 0 0
