0.0314159 12.0562 -962.843  
0.0942478 6.22868 -320.961  
0.15708 5.76246 -192.577  
0.219911 5.63402 -137.555  
0.282743 5.58116 -106.987  
0.345575 5.5544 -87.5352  
0.408407 5.53901 -74.0682  
0.471239 5.52935 -64.1925  
0.534071 5.5229 -56.6404  
0.596903 5.51838 -50.6783  
0.659734 5.51508 -45.8518  
0.722566 5.51261 -41.8647  
0.785398 5.5107 -38.5155  
0.84823 5.50921 -35.6625  
0.911062 5.50801 -33.203  
0.973894 5.50704 -31.0609  
1.03673 5.50623 -29.1784  
1.09956 5.50557 -27.5111  
1.16239 5.505 -26.024  
1.22522 5.50452 -24.6894  
1.28805 5.50411 -23.4851  
1.35088 5.50376 -22.3927  
1.41372 5.50345 -21.3975  
1.47655 5.50318 -20.487  
1.53938 5.50294 -19.6508  
1.60221 5.50273 -18.8801  
1.66504 5.50255 -18.1677  
1.72788 5.50238 -17.507  
1.79071 5.50223 -16.8928  
1.85354 5.5021 -16.3201  
1.91637 5.50198 -15.785  
1.9792 5.50187 -15.2839  
2.04204 5.50177 -14.8137  
2.10487 5.50167 -14.3715  
2.1677 5.50159 -13.9549  
2.23053 5.50151 -13.5618  
2.29336 5.50144 -13.1902  
2.35619 5.50138 -12.8385  
2.41903 5.50132 -12.505  
2.48186 5.50126 -12.1884  
2.54469 5.50121 -11.8875  
2.60752 5.50117 -11.6011  
2.73319 5.50108 -11.0677  
2.79602 5.50104 -10.819  
2.85885 5.50101 -10.5812  
2.98451 5.50094 -10.1357  
3.04734 5.50091 -9.92667  
3.11018 5.50088 -9.72614  
3.23584 5.50083 -9.34842  
3.29867 5.50081 -9.17036  
3.42434 5.50077 -8.83383  
3.48717 5.50075 -8.67466  
3.61283 5.50071 -8.37293  
3.7385 5.50068 -8.09149  
3.80133 5.50066 -7.95775  
3.92699 5.50063 -7.7031  
4.05265 5.50061 -7.46424  
4.17832 5.50058 -7.23975  
4.30398 5.50056 -7.02838  
4.42965 5.50054 -6.82899  
4.55531 5.50053 -6.6406  
4.68097 5.50051 -6.46233  
4.80664 5.50049 -6.29338  
4.99513 5.50047 -6.0559  
5.1208 5.50046 -5.90728  
5.24646 5.50045 -5.76579  
5.43496 5.50043 -5.56582  
5.56062 5.50042 -5.44004  
5.74911 5.50041 -5.26168  
5.93761 5.5004 -5.09464  
6.06327 5.50039 -4.98905  
6.25177 5.50038 -4.83863  
6.44026 5.50037 -4.69701  
6.62876 5.50036 -4.56345  
6.81726 5.50035 -4.43727  
7.00575 5.50035 -4.31788  
7.25708 5.50034 -4.16834  
7.44557 5.50033 -4.06282  
7.6969 5.50032 -3.93015  
7.8854 5.50032 -3.8362  
8.13672 5.50031 -3.71771  
8.38805 5.50031 -3.60632  
8.63938 5.5003 -3.50141  
8.89071 5.5003 -3.40243  
9.14203 5.50029 -3.30889  
9.39336 5.50029 -3.22036  
9.64469 5.50028 -3.13644  
9.95885 5.50028 -3.0375  
10.273 5.50028 -2.94461  
10.5243 5.50027 -2.87429  
10.8385 5.50027 -2.79098  
11.1527 5.50027 -2.71236  
11.5296 5.50026 -2.62367  
11.8438 5.50026 -2.55408  
12.2208 5.50026 -2.47529  
12.535 5.50026 -2.41325  
12.9119 5.50025 -2.34279  
13.2889 5.50025 -2.27633  
13.7288 5.50025 -2.2034  
14.1058 5.50025 -2.14452  
14.5456 5.50024 -2.07967  
14.9226 5.50024 -2.02713  
15.3624 5.50024 -1.96909  
15.865 5.50024 -1.90671  
16.3049 5.50024 -1.85527  
16.8075 5.50024 -1.79979  
17.3102 5.50024 -1.74753  
17.8128 5.50023 -1.69821  
18.3155 5.50023 -1.65161  
18.881 5.50023 -1.60214  
19.3836 5.50023 -1.5606  
20.0119 5.50023 -1.5116  
20.5774 5.50023 -1.47006  
21.2058 5.50023 -1.4265  
21.8341 5.50023 -1.38545  
22.4624 5.50023 -1.3467  
23.0907 5.50023 -1.31005  
23.7819 5.50023 -1.27198  
24.473 5.50022 -1.23606  
25.227 5.50022 -1.19911  
25.981 5.50022 -1.16431  
26.735 5.50022 -1.13148  
27.4889 5.50022 -1.10044  
28.3057 5.50022 -1.06869  
29.1854 5.50022 -1.03648  
30.0022 5.50022 -1.00826  
30.8819 5.50022 -0.97954  
31.8243 5.50022 -0.950531  
32.7668 5.50022 -0.92319  
33.7093 5.50022 -0.897379  
34.7146 5.50022 -0.871391  
35.7199 5.50022 -0.846867  
36.788 5.50022 -0.822278  
37.8562 5.50022 -0.799077  
38.9872 5.50022 -0.775896  
40.1181 5.50022 -0.754023  
41.3119 5.50022 -0.732234  
42.5686 5.50022 -0.710618  
43.8252 5.50022 -0.690242  
45.0819 5.50022 -0.671002  
46.4013 5.50022 -0.651921  
47.7836 5.50022 -0.633062  
49.2288 5.50022 -0.614478  
50.6739 5.50022 -0.596954  
52.1819 5.50022 -0.579703  
53.6898 5.50022 -0.563422  
55.2606 5.50022 -0.547406  
56.8942 5.50022 -0.531688  
58.5907 5.50022 -0.516294  
60.2872 5.50022 -0.501765  
62.1093 5.50022 -0.487045  
63.9314 5.50022 -0.473163  
65.8164 5.50022 -0.459612  
67.7642 5.50022 -0.446401  
69.7748 5.50022 -0.433538  
71.7854 5.50022 -0.421395  
73.9217 5.50022 -0.409217  
76.1208 5.50022 -0.397395  
78.3827 5.50021 -0.385927  
80.6447 5.50021 -0.375102  
83.0323 5.50021 -0.364316  
85.4827 5.50021 -0.353873  
88.0588 5.50021 -0.34352  
90.6349 5.50021 -0.333756  
93.2739 5.50021 -0.324314  
96.0385 5.50021 -0.314978  
98.8659 5.50021 -0.30597  
101.819 5.50021 -0.297096  
104.835 5.50021 -0.288549  
107.914 5.50021 -0.280317  
111.118 5.50021 -0.272233  
114.385 5.50021 -0.264457  
117.715 5.50021 -0.256976  
121.234 5.50021 -0.249517  
124.815 5.50021 -0.242358  
128.46 5.50021 -0.235482  
132.292 5.50021 -0.22866  
136.188 5.50021 -0.222119  
140.209 5.50021 -0.215749  
144.356 5.50021 -0.209551  
148.566 5.50021 -0.203613  
152.964 5.50021 -0.197759  
157.488 5.50021 -0.192078  
162.138 5.50021 -0.18657  
166.913 5.50021 -0.181232  
171.877 5.50021 -0.175998  
176.903 5.50021 -0.170998  
182.181 5.50021 -0.166044  
187.522 5.50021 -0.161315  
193.051 5.50021 -0.156694  
198.769 5.50021 -0.152187  
204.612 5.50021 -0.147841  
210.644 5.50021 -0.143607  
216.864 5.50021 -0.139488  
223.273 5.50021 -0.135484  
229.87 5.50021 -0.131596  
236.656 5.50021 -0.127823  
243.631 5.50021 -0.124163  
250.856 5.50021 -0.120587  
258.27 5.50021 -0.117125  
265.873 5.50021 -0.113776  
273.727 5.50021 -0.110512  
281.832 5.50021 -0.107333  
290.126 5.50021 -0.104265  
298.671 5.50021 -0.101282  
307.531 5.50021 -0.0983642  
316.578 5.50021 -0.095553  
325.94 5.50021 -0.0928084  
335.554 5.50021 -0.0901496  
345.481 5.50021 -0.0875591  
355.66 5.50021 -0.0850532  
366.153 5.50021 -0.0826158  
376.96 5.50021 -0.0802473  
