# Status file for ctqmc. Used to save all times t_s, t_e.
2
30
1.800578926868013 1.598800389707108 0 0
4.357282408828804 4.246474166160414 0 0
5.403225301978818 5.397416218478146 0 0
5.531559763339317 5.417950254886827 0 0
9.455079860548219 9.391910007703192 0 0
15.0905645164406 15.08720224673232 0 0
20.70398236224177 20.60165424296817 0 0
23.80792233399614 23.70717270228332 0 0
26.77055332307935 26.60440773321553 0 0
30.08916076714966 30.05327727514857 0 0
31.28130127381191 30.39076040326141 0 0
32.52042722350779 31.66726547259502 0 0
34.7402333573905 34.73358507739869 0 0
36.55565601445635 36.51777693854277 0 0
39.28215219104222 39.14338748792999 0 0
40.99795317511491 40.78374159970122 0 0
43.66989820481613 43.66959296199813 0 0
45.78490547053912 45.67726566670417 0 0
50.38753352610824 50.13497673625123 0 0
53.05002623219014 52.95307212261651 0 0
53.72165526461102 53.59584592912461 0 0
54.21900624656145 53.96975650732617 0 0
69.03906617666468 67.0789135845159 0 0
80.91723455129616 69.17218503721209 0 0
82.13637721648199 82.12876397155928 0 0
84.43911851455218 84.40593030608728 0 0
85.55337505590664 85.15670746917861 0 0
87.3344402882248 87.32894736824929 0 0
89.60308265549014 89.59222386865621 0 0
93.12145587065139 92.89598801816432 0 0
28
3.568864103929229 3.685855974711025 0 0
14.70969064015001 14.80172820937255 0 0
25.023333255138 25.13959103772191 0 0
28.19433876338882 28.36802160746021 0 0
30.27274139230326 30.2847226401614 0 0
31.14157090924375 32.24520892138447 0 0
32.90323795603579 32.98157658679724 0 0
34.31997362502022 34.45227556254503 0 0
37.62531372348252 37.62653058693903 0 0
39.81551964322683 39.86521639893712 0 0
40.83007555231211 40.91185975796945 0 0
42.64958397809658 42.95144261277481 0 0
47.75886103281233 47.80954477326046 0 0
50.47794542645568 50.58345587701533 0 0
55.13783890692842 55.185100028805 0 0
55.88987610828172 55.89435216018938 0 0
56.01315205796183 56.10931747866223 0 0
63.44945094998786 63.47540772137427 0 0
67.1406126734792 69.73598527172581 0 0
69.89406697706657 73.76880970731555 0 0
73.8640414254218 74.10726092943733 0 0
74.20339140698218 77.94945987895545 0 0
78.09014618574187 81.08769795174057 0 0
81.15518589736617 81.24209807713787 0 0
86.51560692764106 86.55419452279213 0 0
91.66947399219086 91.68194407437808 0 0
95.33841281641608 95.39391659673464 0 0
95.54444562452743 95.6154487649388 0 0
