# Status file for ctqmc. Used to save all times t_s, t_e.
2
39
2.30511270824166 2.584587647492817 0 0
5.271062316578426 5.274386861734737 0 0
5.822366660870692 5.935291014110627 0 0
9.022865238523178 9.213649555867862 0 0
11.76173332383879 11.82666879513407 0 0
12.60840034901874 17.23817590788486 0 0
17.27753904392942 17.42130410053593 0 0
17.58832661171174 20.06604311745085 0 0
20.13468420814929 20.19658701691108 0 0
20.22904309368935 20.98642272531961 0 0
21.18865158706632 30.88733854604124 0 0
30.99333428543817 34.85521389312205 0 0
34.87670862831126 40.35818873469845 0 0
40.56426685366549 40.56604796896907 0 0
43.77826091369318 44.21736951637318 0 0
44.39911657553228 46.06304607170631 0 0
46.43095127104591 46.59682907415914 0 0
51.49065683534332 51.50261450017129 0 0
56.93738314356193 56.94027619792926 0 0
57.28404105306077 57.34431191187088 0 0
57.92137774671406 57.92164638437453 0 0
61.97460026174199 62.07842709958597 0 0
68.19719050806592 68.45333024008755 0 0
69.84622883542752 70.15071956817422 0 0
72.42871875588622 72.51369966325049 0 0
72.97429596379948 73.11542002533317 0 0
77.61130188734785 78.19800876019677 0 0
78.49941244613797 80.26559766136418 0 0
80.29168176076446 80.90801490583235 0 0
81.02198814599689 81.09264501133403 0 0
81.24559375018345 83.4093549327157 0 0
83.53298960992227 83.76982712893444 0 0
83.87367990414646 85.47516048954651 0 0
85.59217637649986 85.69890707292009 0 0
88.73012913721615 88.7988027372232 0 0
89.80521034009459 89.90607891015732 0 0
91.35812183379259 91.387460697649 0 0
95.03237165373629 95.04317801481193 0 0
98.96358911600962 98.96838577610546 0 0
26
5.616690545243908 5.599906033652279 0 0
5.932561735841456 5.82781040466211 0 0
22.78697436559176 12.53511297033129 0 0
25.13897473047065 22.82636897743835 0 0
28.5755939273333 25.37125893423162 0 0
30.70460698916284 28.66375111501426 0 0
32.39974159352378 30.75992908544417 0 0
34.09779099700013 32.42744620607962 0 0
40.5209638455989 34.13681491050588 0 0
46.50788399918895 44.06840892923484 0 0
47.13603429075778 47.01768743561157 0 0
47.95227600889555 47.83887475694608 0 0
55.79851484975079 55.76444058456483 0 0
56.81398778380096 56.48414548949562 0 0
57.23502878734516 57.20095849453007 0 0
67.05080316623 67.03538775253614 0 0
67.6838524573668 67.61480433131511 0 0
68.4740128947121 68.38987221006201 0 0
69.86890443429189 69.76544183343124 0 0
85.85385634290188 77.55804642689765 0 0
86.04383865402666 86.01413996795172 0 0
86.09454328270334 86.05608580414663 0 0
88.16483710241016 87.93945871262794 0 0
89.57806954286681 89.46247261538207 0 0
90.32799781254575 90.31870356855626 0 0
99.31457829118851 99.25258132363457 0 0
