# Status file for ctqmc. Used to save all times t_s, t_e.
2
21
5.591755430258686 5.579943577581773 0 0
8.805240834498022 8.799237489754606 0 0
17.88298113372963 17.86571127433608 0 0
21.72788977874114 21.54165304438576 0 0
25.77467747337449 25.76720233494868 0 0
27.81430522834603 27.76658851697169 0 0
31.15638428047295 30.67442429583332 0 0
31.33873173594461 31.28112573354145 0 0
32.47707085113539 32.40798344225291 0 0
34.03350364383571 34.00268978089314 0 0
48.41990012183046 48.2601734585276 0 0
51.0800220608351 50.99213191611308 0 0
51.59603384287978 51.2309570637615 0 0
51.70817626980407 51.66337539302663 0 0
55.86013268765219 55.85831972406414 0 0
58.10543714873731 57.96322747612152 0 0
64.4288859344244 64.37256608870965 0 0
81.11892650302462 80.94366313370173 0 0
85.37395023932623 85.35595222339673 0 0
89.47753887334585 89.4445224277315 0 0
92.04554317398562 92.03726343259923 0 0
33
0.7149284312958955 0.8625217229506319 0 0
1.537491820092604 1.815792745578734 0 0
6.811772433786069 7.088509273538075 0 0
7.498237236567545 7.692299669021752 0 0
7.911716073437557 7.977339748888552 0 0
10.57061126402409 10.64986368184394 0 0
11.04492421831068 11.15911795084672 0 0
20.86462554575364 21.03496687312014 0 0
25.03275104674706 25.03930150838812 0 0
27.83356038850204 27.90341209318737 0 0
31.2432651538804 31.41502847297881 0 0
32.4574867653829 32.61956840829217 0 0
32.97530093253543 33.04301582370056 0 0
38.16457589565314 38.21050174297275 0 0
38.43388930091915 38.49722174526561 0 0
38.60746237112172 38.77788987674796 0 0
45.04281748658469 45.19773231563592 0 0
47.99908357065307 48.09104866664706 0 0
48.18828660199434 48.63507149135032 0 0
50.17638803942153 50.37620835421098 0 0
51.66505252483455 51.91501932924315 0 0
63.42952765026267 63.46190807910695 0 0
65.91688616391471 65.95473881812414 0 0
69.66566394696375 69.76691774658399 0 0
70.50441907482353 70.56458662282525 0 0
77.89057440782918 77.96387711788023 0 0
81.44154921978716 81.47942404015389 0 0
85.06875051465055 85.15421387297785 0 0
91.9243707869684 92.04680232105652 0 0
92.86809199926253 92.92498963664183 0 0
92.97198712880923 93.16975120086097 0 0
95.89449749503035 96.00006534646852 0 0
96.31790336211856 96.35870819403345 0 0
