# Status file for ctqmc. Used to save all times t_s, t_e.
2
36
3.435104379689526 3.494180127114751 0 0
5.194511435735214 5.756246039510325 0 0
7.765576918294681 7.766890430119457 0 0
10.94301128470501 11.20344485474996 0 0
19.43304448817631 19.72729047363517 0 0
25.33089903746161 25.71591223349429 0 0
25.79512715575101 25.84608208600768 0 0
26.19392171173155 26.19534211791582 0 0
34.68441839911746 34.85338558349802 0 0
41.55892541581039 41.5596894975362 0 0
49.58146096081495 49.69846591223939 0 0
51.77816937988213 51.93400492285149 0 0
53.4803588200527 53.50815159496073 0 0
57.41265992028583 57.57031585316422 0 0
59.23892741005888 59.32352794180456 0 0
59.9424358965501 59.943983171158 0 0
60.01312844685349 60.16058208646932 0 0
61.99065159078533 62.08205299792189 0 0
62.67786868071175 63.14511443551578 0 0
64.39801081712267 64.43309320199727 0 0
66.94662565287878 67.01097182995305 0 0
68.01182954825269 68.18256363425478 0 0
68.32149701765165 68.36475941172854 0 0
70.34513065084276 70.49242440650941 0 0
71.00214498523033 71.18287211370975 0 0
71.53773972903976 71.67912043223497 0 0
75.29345095462411 75.41145356456983 0 0
76.32075189824832 77.20731859838855 0 0
81.6178366979794 81.88541670023791 0 0
87.61582437150987 87.71388200226576 0 0
89.25682994972728 89.36004290348825 0 0
89.42106654147004 92.78052571542182 0 0
93.26277546140672 93.35733240729506 0 0
95.66068631004708 95.72545890972384 0 0
97.77790804183408 97.78316470076921 0 0
98.87540184825718 98.90877839411665 0 0
32
5.752335477156124 5.748635381946775 0 0
7.94273036563727 7.860303040952147 0 0
8.024673569161829 7.969883758855821 0 0
13.02803711075329 12.94001905146321 0 0
18.74376903404304 18.55154698598599 0 0
20.93879747224997 20.86360798085079 0 0
24.82870659598172 24.44768884969746 0 0
25.6287760878033 25.32707768801607 0 0
25.77127837566272 25.76883434566573 0 0
27.03034267532013 26.93709487692653 0 0
28.74591110572706 28.25817885898288 0 0
30.73618940670172 30.73589041514722 0 0
47.49354170869142 47.43199504807953 0 0
47.78649859323453 47.60533435800981 0 0
48.29482644524988 48.25503513196776 0 0
49.89907941581029 49.69795044147961 0 0
51.47660057245351 51.18924391459934 0 0
60.33556977392199 60.17976312118628 0 0
61.26298042396323 61.23729519878793 0 0
62.62184224963901 62.59374931077175 0 0
64.01288051296079 63.99939512235634 0 0
66.53827627464111 66.40445977487208 0 0
68.04092908696128 68.00351708621984 0 0
75.38438706333633 75.27593636416321 0 0
76.91271769461184 76.3477631201076 0 0
82.92108548264559 82.86770419704703 0 0
83.47864367024953 83.26094655459237 0 0
90.93491678609935 89.24168728238635 0 0
92.84302425691351 90.9464916121141 0 0
93.67937732456383 93.67452841231436 0 0
94.0576376917677 93.99736655368221 0 0
96.56973566832173 96.54383430053583 0 0
