# Status file for ctqmc. Used to save all times t_s, t_e.
2
26
0.5713609611351984 0.6375489922984379 0 0
1.884106553670992 1.924554087935225 0 0
2.158997999629305 2.241971074521955 0 0
3.651131948833219 3.748888788618258 0 0
4.243228187083963 4.418228392086219 0 0
4.947168964169702 4.987483014175399 0 0
8.391697537660969 8.604587905715933 0 0
9.45857104830703 9.896833047060849 0 0
15.57410176943737 15.6173967039868 0 0
15.98128937973452 16.17287669122128 0 0
27.30411687095937 27.50940581662275 0 0
28.20684851003947 28.31633089790323 0 0
28.8274295014484 28.90416894371806 0 0
43.85758656136728 54.65764330393105 0 0
54.88491456423926 58.80391941991808 0 0
58.8167693682226 59.20702569587117 0 0
59.76854368495527 59.85549133992886 0 0
63.99824947467934 64.15901791273231 0 0
75.7057408257328 75.70931802714333 0 0
81.26714859097261 81.32868694882364 0 0
85.42111062165999 85.72531459230709 0 0
90.46730173131309 90.65382122550271 0 0
91.62174445426864 91.76148134865799 0 0
91.87719608445977 91.93203927465319 0 0
96.96288800583133 96.99375832496823 0 0
98.75393089937201 98.78985939021433 0 0
35
1.047604333171383 0.9087305345644334 0 0
2.742628713671187 2.471602081328718 0 0
3.203311480860526 3.137547373161508 0 0
4.737906188505327 4.403604162574895 0 0
8.61012175180141 8.375156490359656 0 0
8.756535483669161 8.640143759680898 0 0
9.506623888533275 9.463803441944934 0 0
9.807960295341596 9.521260868525841 0 0
10.34116145928924 10.18254376644154 0 0
12.30164281448286 11.85731253794292 0 0
15.95189736321408 15.92260410069883 0 0
17.49585739746568 17.47571795746028 0 0
18.78965970396957 18.74962407696394 0 0
24.94983221929721 24.5679505220169 0 0
32.50749176329603 32.44289076299003 0 0
32.58833414118308 32.53885629108746 0 0
34.05261841443875 33.8286368795027 0 0
34.10288789500312 34.10143193297411 0 0
36.85216508011135 36.78802681083049 0 0
44.20191250574127 43.89281718621492 0 0
53.52853263319665 44.46912736223963 0 0
59.25186227877349 53.56683202422245 0 0
61.81332029704014 61.72148228204125 0 0
61.98828937913297 61.82910559440246 0 0
62.98885777994877 62.36597637136359 0 0
63.05731102333429 63.01301675350539 0 0
68.08018584133077 67.92944155716906 0 0
73.34772476189683 73.28256801520374 0 0
74.46377239844324 74.42504891227739 0 0
78.80364626988641 78.60642228464471 0 0
82.34381072840438 82.14701344769979 0 0
89.80493275689804 89.74716785534045 0 0
91.9860948887227 91.92790699765614 0 0
94.18388688260214 94.13333458793493 0 0
97.96561817534048 97.93763810337114 0 0
