# Status file for ctqmc. Used to save all times t_s, t_e.
2
29
7.994186213508399 7.690073326969552 0 0
14.62117780120653 14.54578627071737 0 0
16.47962329521787 16.23292961022776 0 0
16.88487478120968 16.88376738743474 0 0
17.79158196651248 17.69483356312789 0 0
20.96607832955792 17.8194099499275 0 0
24.38189368612807 21.15562323675911 0 0
25.30814002132909 24.51530119228899 0 0
26.74150941191661 25.43883993430054 0 0
28.65502840024237 26.79569004643624 0 0
36.3420085985176 28.75440676469561 0 0
36.98003542083136 36.48263467931088 0 0
39.10724431675904 37.00253167644587 0 0
39.3173971293808 39.16014035537523 0 0
40.77661951578187 39.32828000384288 0 0
42.73872867300635 41.00195187249111 0 0
49.79437627535879 49.69426995868071 0 0
57.96864378382398 57.93675200227482 0 0
67.14933914357967 67.04274581692805 0 0
68.92711217731117 68.9153250926085 0 0
72.79156342153159 72.64631395595337 0 0
75.19520421345683 75.09312347729779 0 0
78.82099300842009 78.7516412028624 0 0
79.80430375398537 79.7773619659318 0 0
80.51367575182934 80.45609718148073 0 0
89.68703225924708 89.68287463464854 0 0
91.67149977285612 91.64738442772305 0 0
94.42829360299874 94.31486200008591 0 0
96.04507485969333 96.02762861992835 0 0
33
0.7222663156605226 0.8785768039464872 0 0
5.3302834845335 5.330519279669044 0 0
6.052363773594831 6.147491657575085 0 0
7.552257421733566 7.924309142017619 0 0
8.02658119799386 8.081583594545766 0 0
10.63511474116908 10.69698623988119 0 0
16.76057320897578 16.7759025193096 0 0
17.55779915969339 17.59159602941722 0 0
17.68669919858651 17.75818481749288 0 0
17.77886813326864 17.78383083077149 0 0
17.846326529749 22.2225656911414 0 0
22.2804949136621 29.70068296009339 0 0
29.81063723660226 29.90920209584571 0 0
29.91983813688552 32.70287908578743 0 0
32.85354316174394 37.17009297495693 0 0
37.82790660165113 42.17405756973996 0 0
43.37016913857487 43.4812836143077 0 0
44.5395188846271 44.56355629979116 0 0
44.9364201549711 45.0109726885828 0 0
53.14487975550951 53.1581712643245 0 0
56.52199822659295 56.62118764599879 0 0
57.05879058673025 57.29082951773007 0 0
58.13746852067357 58.29589338156237 0 0
61.68606122824664 61.68893020867195 0 0
62.76046438183754 62.83612491439142 0 0
64.71948105603951 64.7712940803424 0 0
66.73646833950963 66.95778516317498 0 0
71.58724621675732 71.60879335649764 0 0
86.80367732957963 86.85026420424175 0 0
90.10390460230114 90.18416667213084 0 0
91.05210064624724 91.1398410260353 0 0
91.1686032588086 91.29056916436706 0 0
97.13539113834206 97.22899788153138 0 0
