# Status file for ctqmc. Used to save all times t_s, t_e.
2
22
14.95425219487404 15.06529232084691 0 0
19.79448157740369 19.8511024334663 0 0
20.10251998471101 20.1103408124667 0 0
26.3518350069357 26.39752188823723 0 0
34.26123943357582 34.54872460911842 0 0
37.88218455849123 38.05444684848232 0 0
39.06887762611174 39.18886558447701 0 0
45.0176233113995 45.02924339721784 0 0
51.91012002091971 51.98449253375549 0 0
52.8315591190479 52.83213494789338 0 0
55.45438749612948 55.59827698237383 0 0
55.62824099770383 55.78170662543121 0 0
62.18893841777236 62.33946271609209 0 0
63.86783531085979 63.88344423364001 0 0
69.12644549507603 69.13697468917319 0 0
69.27338560995786 69.30238473639734 0 0
78.64411332766969 81.5417488984119 0 0
86.23387133353634 86.53931870965653 0 0
90.08004779304424 90.10927756768793 0 0
95.73558017673038 95.84668267109646 0 0
97.52861073297194 97.59264003777282 0 0
97.71604272731341 97.77087233238409 0 0
33
17.45502968977016 17.14994756021037 0 0
18.05610288614753 17.71793082674289 0 0
18.43005523103302 18.31509647450978 0 0
22.59821889177626 22.38782069811883 0 0
24.57200545054878 24.48931749153141 0 0
27.69867114258007 27.55995005572638 0 0
28.22024773887079 28.07038954670771 0 0
28.31756009635714 28.30812160889732 0 0
29.78032071286531 29.58330257728758 0 0
30.40688961106223 30.39637076887113 0 0
34.83870034766007 34.81246008008466 0 0
39.27166514489547 38.87726936038823 0 0
40.31659414298399 40.17218639049122 0 0
43.90352672361 43.68551462789551 0 0
44.40540433931967 44.3242942113825 0 0
45.15971707699438 44.95489492040212 0 0
47.79594351046684 47.50904185506135 0 0
57.42401245877379 57.25750768736086 0 0
60.36832678365723 59.87542020955065 0 0
60.5961727895959 60.51257376409504 0 0
66.48316733223622 66.293390840708 0 0
70.17256175372664 70.08935574593174 0 0
74.96064261669464 74.9187487885429 0 0
77.16610078472827 77.12343493640503 0 0
81.31633835021448 78.76055277846649 0 0
82.38410445237507 82.21721157636114 0 0
86.50488300271198 86.42693107714129 0 0
87.19847636378604 87.00475284031265 0 0
87.37332615215685 87.3679496072036 0 0
89.92792345906329 89.92271941630028 0 0
92.6556923446672 92.52016440666036 0 0
97.19695930181021 97.11413951926599 0 0
99.98561984302 99.69846003841411 0 0
