# Status file for ctqmc. Used to save all times t_s, t_e.
2
31
4.361923532385092 4.395116993314303 0 0
4.804473822795327 4.810973732668337 0 0
7.862101670910786 8.011383582609726 0 0
8.869356482581006 8.882917955978243 0 0
10.57621655856157 10.57765610374543 0 0
11.67097018389941 12.03433129757644 0 0
16.82725925198848 16.89048180270524 0 0
19.16925645651817 19.24246470416365 0 0
21.56957838183576 21.71393825943374 0 0
22.03825632031913 22.04810312052705 0 0
33.68949329927058 33.7175280039168 0 0
41.90485600709071 42.06094963245744 0 0
43.92747537956588 44.21940222147762 0 0
44.73351508671477 44.85886624357691 0 0
44.86938362631281 45.08627995575241 0 0
59.78378821651044 59.86891232330983 0 0
60.06088159295732 60.0655214582136 0 0
61.33318264515514 61.36244340699124 0 0
64.2717312361126 64.30701643980079 0 0
64.63005062076344 64.72703062013794 0 0
66.45528819221362 66.70791370467452 0 0
70.64699922728403 70.78690977110126 0 0
80.28593652291968 80.47923025974501 0 0
80.59059437144248 80.67906907605258 0 0
81.83230560750542 83.25832191166242 0 0
83.67233383827262 83.73866155951359 0 0
87.11257407127192 87.23614825062076 0 0
90.8257259777984 90.85897867164509 0 0
96.56153031503793 96.66864272164801 0 0
98.78544620900921 98.94134246469686 0 0
99.11819786463894 99.23965315212084 0 0
33
0.9955338213873979 0.825410332386202 0 0
6.998920982314211 6.787382769131923 0 0
7.753419908779065 7.750190738311069 0 0
9.303872209589358 9.265056122394981 0 0
13.77297087986912 13.6428879043287 0 0
16.06179225284696 15.94818297102109 0 0
22.82223325003761 22.62636900464417 0 0
22.92263419398129 22.84922358485805 0 0
27.04730838539228 26.55428817710759 0 0
32.07845494600971 31.99333275922677 0 0
35.85902775471536 35.80310737580162 0 0
41.5578971149912 41.45977174628553 0 0
41.62395230783386 41.59778123377713 0 0
42.40395452012026 42.28964100381403 0 0
43.36969343636805 43.11922316270641 0 0
46.2353222427461 46.08437179731988 0 0
47.65261974826293 47.62140943380369 0 0
53.03221625145549 52.89205583455639 0 0
58.60845919651705 58.53039529791732 0 0
60.24791728798883 60.12034929597475 0 0
60.88870250152019 60.84052431202647 0 0
64.6558727395077 64.61128821729422 0 0
66.93709635011739 66.89953507689913 0 0
68.31424374872726 68.31318705224894 0 0
74.91539302570773 74.90176035101429 0 0
78.67222608984801 78.53967103155604 0 0
82.91053932094296 82.83580699747077 0 0
85.81090914661418 85.53069942767516 0 0
86.90794100032193 86.85531160744132 0 0
90.47293276393624 90.3636775716963 0 0
95.2870576483885 95.22800445632028 0 0
98.24122354817942 98.10849196830738 0 0
99.17429627373784 98.64527436943091 0 0
