# Status file for ctqmc. Used to save all times t_s, t_e.
2
29
4.261542781257226 4.228260683022365 0 0
8.287180283029858 7.329850955458894 0 0
8.457208879224696 8.369627457466052 0 0
10.51707909206857 10.51630702246021 0 0
12.55789728659097 12.43692940294113 0 0
14.49809779793822 14.49740113406729 0 0
15.32911119340776 15.31365985856908 0 0
23.09343970110937 22.8363773986889 0 0
26.48558020402036 26.45428945813214 0 0
31.94817807338937 31.77083495699649 0 0
35.00165342172888 34.94329075725948 0 0
37.93833104775313 37.81218088928465 0 0
40.48910789715471 40.25057141456954 0 0
43.4893210858757 43.38053363180948 0 0
45.90201184900743 45.80137826420592 0 0
46.97074651823463 46.95610525044401 0 0
58.85870530244932 58.71442264620227 0 0
59.28781392098146 59.22695390793928 0 0
67.39979457537345 67.39924058117487 0 0
74.14270391958867 73.84420879786137 0 0
74.28022612033695 74.17337292288674 0 0
75.34712133697435 75.10699523149684 0 0
76.00864580240433 75.9437858296964 0 0
80.8640200704229 80.79535753011159 0 0
82.63205558175183 82.63001630245999 0 0
83.39924665870311 83.34273241324317 0 0
88.32892394470237 88.22616378021726 0 0
90.66293802142313 90.62060873338231 0 0
94.44625444551595 94.39780618472258 0 0
20
5.467667567080934 5.513550488004928 0 0
5.547535281955588 5.572364759137361 0 0
6.432055828288995 6.732118616257981 0 0
6.990803267298538 6.990917649787001 0 0
7.048008277996399 8.462613161593012 0 0
10.15233561284045 10.24623827338841 0 0
45.9829466032941 46.00895990150064 0 0
58.01025593091083 58.0315048581388 0 0
60.89363525154969 60.98499834851293 0 0
66.89446650093767 67.06247432781961 0 0
73.75767653222142 74.20263109470841 0 0
74.75859953197818 74.79311512881389 0 0
75.02271213402408 75.25206794715629 0 0
77.90805572449457 77.9910583985201 0 0
81.03479052640355 81.23682787689491 0 0
83.84330058107734 83.89716423400577 0 0
83.97992187659248 83.99360139483825 0 0
87.25215040103637 87.50798541583269 0 0
89.51633215880905 89.63669386900861 0 0
99.44937918222007 99.61419125310056 0 0
