# Status file for ctqmc. Used to save all times t_s, t_e.
2
32
1.403438248083958 1.365850864993218 0 0
3.158724502683526 3.132314540734389 0 0
11.91637837804542 11.79646785876782 0 0
13.63205763749303 13.29067399821474 0 0
15.20795495443843 15.09319494293914 0 0
15.92395038754636 15.69543140265132 0 0
18.11548955559624 16.1954184949782 0 0
19.39612481634866 18.22004860443472 0 0
22.29404916334551 19.51654191863813 0 0
22.94792298616889 22.54459000133193 0 0
23.24222029034306 22.99845760572037 0 0
24.36721013378568 23.5250236685081 0 0
25.45978892588242 24.38944621289211 0 0
26.52631433213011 25.46735513421663 0 0
27.72084919771989 26.64050458020958 0 0
30.47360511273459 27.73436147800534 0 0
33.43918362240204 33.07187662144007 0 0
34.1394858518324 34.03905133439346 0 0
45.35616420310889 45.28577716717744 0 0
49.06039616469153 49.00764389496298 0 0
54.8349611741113 54.70824985782215 0 0
55.11726121660791 54.92068297097956 0 0
65.22641248100534 65.14614772776699 0 0
66.74126282846603 66.71837281585947 0 0
67.71889050461992 67.5147262884845 0 0
71.27137445707189 71.1482519446328 0 0
80.59488797919036 80.54432095845006 0 0
82.04736069237921 81.93791656499079 0 0
84.32522423046819 83.86999066418937 0 0
84.51280441272523 84.44679952565086 0 0
96.48063376495156 96.4755231936268 0 0
97.85402555412321 97.55280198410563 0 0
29
2.764868574752782 2.889377842009935 0 0
4.916266593875356 5.064417372864739 0 0
8.478052954559971 8.498072116291258 0 0
13.82773286546232 13.96611990339738 0 0
15.68770349810895 21.34593269713338 0 0
21.56149749224328 22.24390719813035 0 0
23.36807018118498 29.34129052787542 0 0
29.41451220072549 30.00523215735529 0 0
30.14738882032696 30.46222546518167 0 0
30.65805484787258 30.80456643431041 0 0
35.70011497738436 35.8843468743077 0 0
41.34405063056702 41.46479601638254 0 0
50.79925244954237 50.88186247872716 0 0
55.0381889526072 55.09118618419263 0 0
55.78908312413155 55.81020036314359 0 0
56.63227442112116 56.66460310631679 0 0
63.07113708353234 63.09261684963106 0 0
65.2033623860759 65.41618707213622 0 0
66.32499473634589 66.35730247724916 0 0
67.49109856048497 68.02619068471027 0 0
68.19009660477535 68.36246218005314 0 0
68.92382508239213 68.94995764124297 0 0
69.11752380817973 69.12565373689974 0 0
74.49097040531031 74.64927405868679 0 0
78.42765718339618 78.51899280834026 0 0
80.01346089926651 80.01951210341505 0 0
83.56459974770578 83.60945464644652 0 0
85.20809311498654 85.40575608635352 0 0
89.77932509102203 89.8054697080504 0 0
