# Status file for ctqmc. Used to save all times t_s, t_e.
2
25
3.081669922904798 3.087220781150068 0 0
7.08843163681162 7.180550608419111 0 0
8.766940229935535 9.025749488097603 0 0
9.345994769700017 9.364974341782853 0 0
18.71635684101771 18.75093828973116 0 0
20.6360965730811 21.06668421507343 0 0
22.39936923204392 22.61325127804585 0 0
26.03743742308993 26.09411093428621 0 0
35.95317205110216 36.14673724811927 0 0
43.05578883814443 43.18432142565302 0 0
43.58614031423772 43.7699626289276 0 0
46.51529819872633 48.07607292007286 0 0
48.09101363332621 48.6593339766582 0 0
48.79594002172669 49.13058005828222 0 0
49.23465714785897 53.44134202625863 0 0
53.50444977867739 55.43159332694155 0 0
55.4919237379923 56.67493100476221 0 0
56.82967263972518 66.23204294041415 0 0
66.23677553769564 77.59811133817587 0 0
77.85785481440007 80.4916974887535 0 0
80.49623523406477 83.99706042221609 0 0
84.00678504122106 84.30179675589902 0 0
85.89613226605606 86.31662892570802 0 0
86.57469325094486 86.66044625287141 0 0
93.73085861978898 93.99405036515151 0 0
29
1.545347836389652 1.434872084612053 0 0
3.358263453598397 3.306175464023243 0 0
6.241006932276793 5.877086726395076 0 0
8.746639302674126 8.741952870425859 0 0
24.04207911375329 24.00989540917676 0 0
32.30894968042816 32.25439993826343 0 0
34.29845613784229 34.09141267081819 0 0
40.35006101921249 40.23506200904441 0 0
41.3926343489379 41.38576794128635 0 0
43.65627707572428 43.61329695805689 0 0
43.84792855519871 43.68006378708449 0 0
44.36692457110391 44.32718922515868 0 0
47.29009870725465 46.42342597520992 0 0
48.73737923600032 47.31511339870446 0 0
51.36812625168686 48.75478592910344 0 0
52.29803020199505 51.44055792564363 0 0
53.95970001564173 52.45963064474471 0 0
55.7674339676508 54.07949388962943 0 0
58.65870482020295 55.80455994868487 0 0
60.25462338524124 58.67006736196764 0 0
64.2228680229839 60.30561447330666 0 0
65.11710213089894 64.24688996681085 0 0
75.85956895906787 65.13003232701367 0 0
76.38142227656519 75.92507716401488 0 0
84.34610598260018 76.49924573723676 0 0
85.40212748300365 85.27629208350143 0 0
88.03562311564626 87.90431821646749 0 0
91.08431079119065 91.05900789741072 0 0
98.26331587148002 98.19496144626287 0 0
