# Status file for ctqmc. Used to save all times t_s, t_e.
2
27
4.541744304862453 4.588157486354276 0 0
12.87215838684868 18.05606579097616 0 0
18.08470141673174 24.60782418534036 0 0
25.8601775059527 26.20289065163393 0 0
27.19161825787493 27.36760930078081 0 0
27.62322041273499 27.71990212718713 0 0
30.37940818920326 30.44361575379277 0 0
35.44939678142561 35.67681482430027 0 0
38.40110614139383 39.50536221697586 0 0
39.52584579776332 40.18744976919516 0 0
40.42012142297101 40.55545624249643 0 0
40.6415338210066 51.35266989025001 0 0
51.40446361572299 54.41089641807827 0 0
54.56757887913221 62.66254126322563 0 0
62.73333857093548 63.88309919834128 0 0
64.10175264760844 64.65351242918888 0 0
64.71121757265084 72.78452648342999 0 0
72.91143214297414 81.45870983018044 0 0
81.50192414755526 82.49192049026863 0 0
82.66796623469881 82.74132689596119 0 0
82.75383362640623 84.97738856259996 0 0
85.0762462942932 85.6780814111852 0 0
85.70507118028587 93.33970307414647 0 0
93.37952432130049 93.52327175690876 0 0
93.58987979012367 96.07349568845396 0 0
96.08926281868936 98.22485873181566 0 0
98.63724714136288 99.25851978569129 0 0
35
6.468911425358261 6.338714242834695 0 0
10.98859898359936 10.97714277691068 0 0
12.72846893884921 12.71647213149363 0 0
13.115249739726 12.96667788797533 0 0
15.24244160564813 13.25464651530923 0 0
16.21858685344511 15.37011623280501 0 0
17.58421651881768 16.21977623284464 0 0
18.24358242858981 17.59232736389119 0 0
20.99344028991277 18.59392818180962 0 0
24.61193108496633 21.05300983831936 0 0
25.42633420672344 24.69235984334199 0 0
27.19926613291146 27.09735537483566 0 0
31.52881310420789 31.35586631579781 0 0
31.73034457908238 31.70903067798523 0 0
31.92976862195057 31.91353636879006 0 0
32.92351456743432 32.52172675586995 0 0
34.17231591443232 33.93659762831643 0 0
45.05763529295339 38.35162895784527 0 0
51.6288344971387 45.0642016100429 0 0
53.21643159338245 51.90192509966882 0 0
56.16593481441571 53.27837007945686 0 0
63.48250143135799 56.51164222213806 0 0
67.11770117233331 63.75997426917605 0 0
73.10534910327965 67.12486260107768 0 0
78.70746422796422 73.14098977530296 0 0
81.2958830454359 78.77073144254419 0 0
84.6067331834374 81.36768880692937 0 0
88.52060159111716 84.61324583840285 0 0
88.67712138533102 88.59613696417172 0 0
90.36390739946796 88.72952783616974 0 0
94.60418972364062 90.38777378854707 0 0
96.54744746651504 94.80104897503772 0 0
96.98971844080528 96.57690504474104 0 0
97.57232679787461 97.13082453557648 0 0
99.11149873980008 97.58836536549754 0 0
