# Status file for ctqmc. Used to save all times t_s, t_e.
2
28
2.773297736666951 2.606302354713094 0 0
2.815543843883148 2.787231591212809 0 0
3.277275652741768 3.220303695767531 0 0
8.330299594918866 8.314703396996201 0 0
16.30559652203668 16.26096472418444 0 0
23.06520065552874 22.89267441085484 0 0
26.26900013561099 26.17588830488648 0 0
41.00393585275754 40.9946753697201 0 0
41.42889233074425 41.34834695016971 0 0
41.83960776723012 41.77908614025736 0 0
45.06899817786881 45.05033768227601 0 0
48.74431989979448 48.51480361552365 0 0
49.32777267047862 49.04877002271512 0 0
50.95078500232425 50.74917987022631 0 0
60.78167973713623 60.68723014354206 0 0
65.38193948116638 65.29976794077204 0 0
67.56905534164721 67.52080595984134 0 0
69.33572100544622 68.96768483478704 0 0
70.41158562627761 70.34005500089856 0 0
72.20970053002779 72.15635270558099 0 0
72.90751270484934 72.78276270137924 0 0
80.05780794802349 80.00441610698741 0 0
83.97537351633061 83.84843889175042 0 0
85.41960517574815 85.4144922085182 0 0
89.49726564025815 89.27317429891397 0 0
89.81164777890619 89.66327753752782 0 0
96.3352797169828 96.29623454305467 0 0
96.86265591471607 96.70973750939187 0 0
20
9.647495920468314 9.878043709960822 0 0
10.68395783748791 10.77448078477296 0 0
31.94599945224367 31.97310148921801 0 0
34.01705916583537 34.08280854763891 0 0
34.39186354864169 34.48468772541707 0 0
38.37177215506221 38.48500103697889 0 0
40.87835972261785 41.03733834601984 0 0
47.12611717932289 47.16754536211607 0 0
49.0409989955815 49.41990495880329 0 0
51.787703550217 51.92749620951862 0 0
56.9485383927907 57.27132067095002 0 0
60.92780038034859 60.95404303382806 0 0
68.8776150995533 68.93313957568785 0 0
73.45022253996508 73.45777429339245 0 0
77.60868116327497 77.7321291449833 0 0
78.24991622029788 78.47267456825053 0 0
82.58170532141082 82.67530764924092 0 0
86.44870204051828 86.45037725317873 0 0
89.66405559998485 89.71755049443334 0 0
90.18836976544853 90.41356024358541 0 0
