# Status file for ctqmc. Used to save all times t_s, t_e.
2
36
0.2863776693394158 2.34880131238144 0 0
2.49499080641327 3.017915604978126 0 0
3.312078984687732 6.674214505908118 0 0
6.816258069868796 13.97083224912528 0 0
13.99593480827909 14.36238323885076 0 0
14.44686190957713 16.21345756756827 0 0
16.31846256336991 18.35097660590562 0 0
18.62663454853591 19.67925565520104 0 0
19.91933758653063 19.99569936160174 0 0
20.1260434145739 20.39016993401869 0 0
20.56271133946942 30.63929257880116 0 0
30.70093379332588 32.53550235524234 0 0
32.6455225818593 32.83020744229564 0 0
33.16606452386173 35.25673659801084 0 0
35.50111856097687 36.50845942651364 0 0
36.64285699223567 38.34371800941217 0 0
38.75006267033094 45.35468534841754 0 0
45.47975043829529 46.27529090856167 0 0
46.30083624551663 53.71866266526175 0 0
53.86899877520229 55.60689667264792 0 0
55.66070856294188 56.31571573574469 0 0
56.49464378152546 57.02011195767368 0 0
57.42696049817155 57.63810815731536 0 0
57.79651937884384 71.84311826096614 0 0
71.96360213451351 72.13542330928676 0 0
72.46785948643202 72.66704656308505 0 0
78.41009579376919 78.46827060454311 0 0
80.95065878262889 84.65540063609663 0 0
84.67268091614613 85.45922816734173 0 0
85.48510109713224 86.08262654737057 0 0
86.15539968166397 88.12365698491402 0 0
88.21930800762097 88.39419690535452 0 0
88.53445185183112 88.86818106544665 0 0
89.18137689683542 93.68738670414544 0 0
93.92654464804062 97.27079062407871 0 0
97.69200270836255 99.97451807258915 0 0
32
2.276516702096359 2.433356275614841 0 0
5.573162515406764 5.769710337569289 0 0
6.342428533624979 6.41828606164149 0 0
18.37235084795018 18.71707817730497 0 0
19.84108217951012 19.85903534909291 0 0
24.90347852922845 24.91137996526581 0 0
27.51036912307816 27.71477606566015 0 0
29.11376787166705 29.29303161170704 0 0
33.11137877170979 33.18567737628388 0 0
34.47869991533522 34.55551322089567 0 0
34.57742763391928 34.71327950404753 0 0
37.49996772567316 37.5072007357957 0 0
38.26162238230136 38.5551801541317 0 0
39.72125198721532 39.82045422262122 0 0
46.24431195246262 46.30608200535911 0 0
47.07674638513599 47.32370729683637 0 0
47.65231515043157 47.6616278874186 0 0
57.00920613116079 57.3336588170211 0 0
60.17167699346682 60.18902144692735 0 0
72.16985705882855 74.49168098504606 0 0
74.53098246175047 74.82334048806045 0 0
74.9235938201404 75.96787542624368 0 0
76.01402445474386 77.9276063445277 0 0
78.02068750213648 81.11151244051278 0 0
81.8096778770721 82.05071713525018 0 0
88.78771898460653 89.1811725925733 0 0
90.71011052303196 90.72881693360036 0 0
95.05235141279374 95.22961795678353 0 0
96.57117063630146 96.64904650892103 0 0
97.35139099901144 97.92249153790507 0 0
98.21448033510237 98.31330199896398 0 0
99.03493957576856 99.05690155511267 0 0
