# Status file for ctqmc. Used to save all times t_s, t_e.
2
30
1.358301284775649 1.571360915800355 0 0
8.193398316321582 8.356183925139684 0 0
8.537272946953875 8.588706722181161 0 0
14.48528652376766 14.7331332632376 0 0
19.76162251386057 19.95895336745163 0 0
20.72591538864895 20.75673011184467 0 0
20.97237308821902 21.00531553512734 0 0
21.87234721074487 21.88519457676796 0 0
25.62368489965673 25.85781320118869 0 0
28.70842433594476 28.7350360176445 0 0
36.17103118220168 36.17581280509213 0 0
39.25933396221308 40.12688560345406 0 0
40.59226710840639 40.77411592910077 0 0
40.86090948393957 40.90560536120728 0 0
43.22791939624301 43.25900192240739 0 0
47.84944105784915 48.0797971876663 0 0
49.6109100109752 49.72431051647376 0 0
55.28713083157399 55.46177684282782 0 0
57.67643399161296 57.87195689246039 0 0
62.39977166354894 62.40407897593902 0 0
65.44889230322416 65.84801394042626 0 0
67.58430380862657 67.73826148264224 0 0
72.13872432353959 72.19504577177671 0 0
72.29181154668882 72.35344605101423 0 0
72.8796856062897 73.11487522202866 0 0
74.23239964997268 74.56425605297706 0 0
74.67751915888513 74.89649759975157 0 0
95.33815185924448 95.41907840519629 0 0
95.88889610793038 95.92716635997772 0 0
99.57338130689979 99.66848881102288 0 0
27
4.976935206416583 4.967950731304766 0 0
5.980349537753131 5.973103868227769 0 0
10.28463470468254 10.17440770859259 0 0
13.98892911168009 13.97149139484952 0 0
17.05155188940462 17.00250350412337 0 0
20.21384626308628 20.13960487135284 0 0
24.91432346802542 24.82590907106754 0 0
28.46238351897955 28.23399685038225 0 0
34.01445273053343 34.01067935241667 0 0
39.78219671404769 39.19688886134922 0 0
40.26476492496017 39.78930935606933 0 0
42.86861116462335 42.71514218915539 0 0
43.90545785381916 43.62121070164807 0 0
46.56864368055501 46.55664579033048 0 0
49.80786470691766 49.70052538133384 0 0
65.46840984469918 65.39703940704484 0 0
67.82355318550313 67.47094733830038 0 0
69.99664566560637 69.98072580627195 0 0
71.24368256222908 71.17524625483415 0 0
71.65391312623434 71.50749997591069 0 0
74.84928878608741 74.78464493930798 0 0
78.90412954844419 78.85355151049167 0 0
80.49554084846793 80.44098216477951 0 0
83.31250706770057 83.21186207524248 0 0
88.8590730979096 88.65313004478473 0 0
92.33554126198527 92.27782044028923 0 0
96.26185663268986 96.21773169564973 0 0
