# Status file for ctqmc. Used to save all times t_s, t_e.
2
33
1.523519974172487 1.496050278689268 0 0
4.105080618844418 4.005590932545275 0 0
10.78344972188508 10.63909878690041 0 0
11.59114079213065 11.58117786994154 0 0
17.57509151769867 15.98674184515436 0 0
18.3858259264536 17.69017951644764 0 0
18.8893724129357 18.83076475989932 0 0
20.25615005212153 18.90522117633075 0 0
21.44413110517521 20.31661378890394 0 0
21.76267540745711 21.53908838860363 0 0
29.88016695991587 25.39663349304324 0 0
31.12524060255469 29.97639721667139 0 0
45.94265932013747 36.20270781149408 0 0
50.41520516636015 45.970982438821 0 0
52.64470199946043 50.53772722458436 0 0
54.1273688977925 52.80084788757097 0 0
56.42443570833061 54.34127799254575 0 0
58.89827017937097 56.61276329192521 0 0
59.39651947631728 58.92938050799429 0 0
60.52750954839072 60.47597252114616 0 0
61.23908264237087 61.05512974094191 0 0
64.67139819109481 64.60952280962988 0 0
66.96591345046511 66.83451244726903 0 0
68.92032512857378 68.64148462188879 0 0
74.67440297567495 74.2988235671056 0 0
86.38323780657632 86.30801435745053 0 0
86.62953872545948 86.61267672672206 0 0
87.44829490372562 87.43547906579262 0 0
92.52633113081463 91.15424926080136 0 0
96.78173119385917 92.59416877823247 0 0
98.77516854531625 98.75941730179903 0 0
98.93871145755493 98.90515835140806 0 0
99.30589282549522 99.27746924317086 0 0
33
4.603223963197715 4.613467880714627 0 0
5.223039303938966 5.286711129871472 0 0
8.701727941742945 8.759713133340735 0 0
15.2116665285456 15.26957337816624 0 0
15.53417561281881 15.54967434933336 0 0
15.55812225766786 15.8105951408546 0 0
15.9671531498968 18.26332541247719 0 0
18.37021643531436 21.87056904961373 0 0
25.2959620346268 25.42001300055755 0 0
25.49296540840303 25.50659479324168 0 0
25.60939814190304 26.3555053952036 0 0
26.37976036121362 31.14579633815563 0 0
31.15851281619618 31.40427068177117 0 0
36.7797426260263 44.14355624525333 0 0
44.14541401855987 46.59671750699447 0 0
46.72545941480345 59.33104328231985 0 0
59.52106308678441 59.74978731693577 0 0
59.9063726008493 59.98867893506255 0 0
64.45921508150739 64.55967879469046 0 0
72.22022770427813 72.25350107986988 0 0
72.37436940912907 72.5054951176286 0 0
72.71702800885042 72.86829357265422 0 0
77.95061301603735 78.1689726085896 0 0
81.27772337160057 81.3048172097317 0 0
82.20689748666867 82.33077833614705 0 0
83.66561256755526 83.78792632666833 0 0
85.20764540531853 85.41628701354973 0 0
89.01961774800934 89.3226040875532 0 0
90.80568946657874 91.61605159227574 0 0
91.73612081108786 95.06608523053326 0 0
95.12247087862848 96.71609331883585 0 0
98.41797962753729 98.46179875764344 0 0
99.06556376433855 99.22612822296209 0 0
