# Status file for ctqmc. Used to save all times t_s, t_e.
2
19
7.502610230027979 7.48827423121449 0 0
7.563364418079615 7.535303952038208 0 0
13.99638231543213 13.85654197692274 0 0
16.22301573817073 16.18008906678281 0 0
17.22341160296476 17.05933940722495 0 0
28.1927615502782 27.91761185566576 0 0
30.39063388086493 28.47227742642676 0 0
36.77397877395594 30.50630518663425 0 0
36.7876226251289 36.77917882526808 0 0
48.77114610941064 36.86782098703445 0 0
50.09477377247762 48.91361417044534 0 0
61.58075346122228 50.09661342550424 0 0
77.86064903702407 77.66213099819825 0 0
78.98077008511693 78.92265224352164 0 0
84.30543801503482 84.15683908460545 0 0
86.58322373094904 86.43263759360865 0 0
96.87328593485648 96.55078107385675 0 0
98.08061781933542 97.99649190589071 0 0
99.84734054944717 99.63957488506355 0 0
27
5.862573407411048 6.001564448209976 0 0
28.34529068297032 29.0587110863401 0 0
29.07520699564869 29.31006258848074 0 0
29.37765808272484 30.97938066356565 0 0
30.98214060069159 31.39447333200617 0 0
31.49171920292461 36.38487026329246 0 0
36.38552075948932 37.78375496238613 0 0
37.86342585152693 43.48115567797485 0 0
43.88142108503502 51.28452930756382 0 0
51.30183859958389 54.21751374568574 0 0
54.27166238730147 58.36173139977767 0 0
58.410946378601 58.44565729678568 0 0
58.63113116021378 60.28387391269561 0 0
60.3202892326826 61.70197389839685 0 0
61.9577329667561 62.00013765560854 0 0
64.87255015212114 64.96639902756705 0 0
76.0529825667787 76.1134615771898 0 0
80.86806423628788 80.94212870956278 0 0
81.1316019707504 81.19582721478412 0 0
82.43991879473677 82.48712865028691 0 0
84.50391003420236 84.557564121724 0 0
87.68155041385666 87.73174177368251 0 0
93.2549894808748 93.42394109065411 0 0
94.49840418094773 94.65028344465753 0 0
94.84612576409074 94.98921884106943 0 0
96.19645214635473 96.34997610136644 0 0
98.7801638825615 98.91605094532686 0 0
