# Status file for ctqmc. Used to save all times t_s, t_e.
2
34
2.491704082236166 2.299809172382647 0 0
3.162716250119497 3.148796105836771 0 0
4.774763602365319 4.74783627094939 0 0
5.654202555577907 5.542483075415081 0 0
8.198291740819926 8.03576681076721 0 0
15.19732223559257 14.97145897029067 0 0
24.28519011406206 24.18943401190714 0 0
27.65723454819425 27.64590355410841 0 0
30.14037716219812 27.87301908351597 0 0
31.21728778679498 30.35423916642934 0 0
32.20267246801019 31.2777621763891 0 0
33.76534884380449 33.75735224359074 0 0
35.17310401706051 34.98225937038304 0 0
39.02480035582914 38.90376391670306 0 0
41.0272799561019 40.66424831184731 0 0
46.76115748419144 46.62498409724182 0 0
46.99834543167251 46.78845265704447 0 0
47.90176854904258 47.89993557819047 0 0
51.3709037127988 51.28987578845468 0 0
52.21883748132477 52.08886804526887 0 0
52.92038735131158 52.90475338961296 0 0
54.38334882383784 53.99001576101973 0 0
63.35773156705544 63.16519439669735 0 0
63.93333936012802 63.91748504168941 0 0
67.23694733470258 67.12981799550701 0 0
71.78034748364017 71.60085689637283 0 0
72.10277188206976 72.05677848124452 0 0
74.66137940265153 74.49090566891635 0 0
75.55505347130746 75.45664568802646 0 0
79.45317360581106 79.2919729982171 0 0
82.08496083594817 82.00262845272286 0 0
86.61254070366826 86.48461803572994 0 0
92.84618132077686 92.72687805006247 0 0
93.73203494584409 93.72113862699419 0 0
41
3.996847317478017 4.012519755883527 0 0
5.515462022071496 5.621628192378402 0 0
9.134344539243061 9.138709631198829 0 0
10.37715982188566 10.46231499735949 0 0
10.93651219659751 11.01791257393966 0 0
14.98195767795553 15.36043396070567 0 0
16.40094267673138 16.48783639335892 0 0
26.94051832650176 27.02939821702997 0 0
28.03812850825939 29.63312474774493 0 0
29.63560438974294 29.77826693647559 0 0
29.98577778581573 30.91867751003078 0 0
30.99054378600588 31.94340852657568 0 0
32.72360126747353 32.74736076706299 0 0
34.69272244967158 34.74192370214606 0 0
34.99917223381193 35.04766223162543 0 0
38.13339861868115 38.25032003019842 0 0
39.01264981354231 39.06035462629296 0 0
39.92793019023588 39.95958900366696 0 0
40.68023554202014 40.79626216405482 0 0
41.00313142027154 41.15847861974355 0 0
41.43455640627707 41.72086851052082 0 0
42.72506134662175 42.73693820040221 0 0
48.63510784602708 48.83850833489763 0 0
51.25356063120042 51.35323032946474 0 0
53.70030106262375 53.71716841520353 0 0
58.70409753269673 58.78568821511528 0 0
63.71120229326206 63.74418187773509 0 0
71.43463549522943 71.82846577074591 0 0
73.95006078135371 73.9888437405379 0 0
84.59689289719071 84.67159297142477 0 0
85.86982327543882 85.91757389465221 0 0
85.92912153156865 86.15201681944446 0 0
86.40447786136103 86.47530044268871 0 0
87.31490531854266 87.34450030440287 0 0
88.50658456493315 88.52127149863496 0 0
91.07449119067886 91.09615795094925 0 0
91.35088824632327 91.56576249317564 0 0
93.18861633138509 93.58406822270105 0 0
96.47936229228365 96.59761982792524 0 0
96.72061001341719 96.72252603425397 0 0
97.29171210092458 97.40464571433013 0 0
