# Status file for ctqmc. Used to save all times t_s, t_e.
2
30
1.434109140849118 1.40157293595661 0 0
6.130182900479344 6.110799821812325 0 0
7.311498034968363 7.3057480469126 0 0
10.53221496882492 10.25948653924893 0 0
14.64560656938817 14.58959102751988 0 0
16.30606994991756 16.13651166567465 0 0
26.75979136331917 26.66651938183456 0 0
30.71143919951427 30.54620997364616 0 0
31.26656660026554 31.21315211345735 0 0
34.43755077685341 34.42823103062032 0 0
42.84911702316095 42.11946719973596 0 0
45.89899573068071 43.56762329807331 0 0
49.19902148101045 46.05746356801073 0 0
52.66977309305564 49.22314801662276 0 0
53.55082600016146 53.54239683956431 0 0
55.56218509521864 55.53625425322581 0 0
58.85206254453105 58.67676369143143 0 0
60.90319520046307 60.70819330809862 0 0
61.00479842708442 60.91270565919255 0 0
61.50646577250478 61.29744066055981 0 0
64.06680020012946 63.96874783678065 0 0
64.73708749450515 64.45977057053794 0 0
69.86517392208258 69.64243133638278 0 0
71.89458355523431 71.87733262739926 0 0
73.62237582497326 73.60071875402313 0 0
82.36981601019434 82.29023209282383 0 0
85.61276009718181 85.58048567098622 0 0
86.83544330691072 86.75179232721513 0 0
88.39907555453847 88.30265902205929 0 0
99.85915805088621 99.81545167096019 0 0
32
0.4326284651504153 0.6646004520852671 0 0
1.677098604465697 1.823048613059994 0 0
10.42455046678669 10.5341699819213 0 0
11.22112548778821 11.23751056212991 0 0
11.76671582266422 11.88873706405092 0 0
12.99359896937108 13.13085316530248 0 0
14.94229943175691 15.00383197681177 0 0
33.0235403384988 33.0706596457186 0 0
33.50542981849027 33.53292856483813 0 0
36.27732759609438 36.45701656994611 0 0
38.51556359128083 38.86932376366957 0 0
40.45075780077808 40.47486572268875 0 0
42.24058500412876 42.74425729311433 0 0
43.48574479535229 44.02087752518487 0 0
44.16300282090638 45.93077254865482 0 0
46.05773975798931 46.09617670131282 0 0
46.11885685155976 48.07395555196412 0 0
48.21670726824963 52.78231907845799 0 0
60.77713723437004 61.04939051087813 0 0
66.24215850604432 66.36373615024588 0 0
67.94897943999821 67.99454529079547 0 0
68.27351073157513 68.38045563502658 0 0
71.27153418996485 71.44376797593111 0 0
75.54087724989535 75.56368217571094 0 0
76.9568695723393 77.07037388494928 0 0
77.77012807214076 77.84109850813783 0 0
80.63378081535352 80.63444424060701 0 0
82.95534703796881 82.97937238596027 0 0
83.02697594309821 83.06162512406159 0 0
88.47149382397058 88.50869406745781 0 0
92.02222511009403 92.20893019766903 0 0
94.76253430214805 94.83249586370984 0 0
