# Status file for ctqmc. Used to save all times t_s, t_e.
2
29
1.759307932067787 1.639032752692767 0 0
2.389135803334554 2.351462856532858 0 0
3.493869941702527 3.493661949455506 0 0
4.977631442477374 4.918261840597408 0 0
5.180715548293976 5.062941835134943 0 0
12.54755788687692 12.54001610464709 0 0
12.629916931392 12.55128704326128 0 0
16.48105511764305 16.4248491481229 0 0
32.47984965988998 32.41668822440862 0 0
38.28275089662674 38.24220659797347 0 0
39.02256024321196 38.91553125319426 0 0
47.89162381893819 47.88920246796346 0 0
50.04462828495166 49.89884093403264 0 0
50.16626470477446 50.10775295029079 0 0
50.19246641993324 50.16687882054248 0 0
50.66081191744296 50.60684574598686 0 0
52.31378679609536 52.18562908930329 0 0
56.68366131413024 56.6468710658634 0 0
56.87326159922257 56.7015920447549 0 0
59.07869736212939 58.96408064107509 0 0
63.85616516264629 63.79540362555564 0 0
66.07955298536532 66.02281127821806 0 0
73.94706569801403 73.80098333539463 0 0
80.10699836054047 79.91205915942678 0 0
85.32351391509282 84.88606570415061 0 0
89.93257487875216 89.9269189141994 0 0
97.58027632816103 97.55279135432373 0 0
98.46490463461141 98.14494327360318 0 0
98.66363463489932 98.55691179093242 0 0
25
0.4782895262085134 0.6103844114227996 0 0
4.313788263333293 4.317748300435864 0 0
7.705035833759859 7.718081700837669 0 0
11.05680677402142 11.2263497512552 0 0
16.38565424259092 16.47864770548384 0 0
28.94104500391618 29.06948126506347 0 0
32.82868453384601 32.89001196284052 0 0
35.61557823513369 35.66953430872356 0 0
48.28452503360523 48.28457222827291 0 0
50.08019435727972 50.26782455615296 0 0
50.5252655069274 50.80958050511691 0 0
54.18080154105509 54.18426461952983 0 0
54.23170177733076 54.44536515653572 0 0
56.13450866383548 56.35805763217441 0 0
56.40257431263334 57.15116478092315 0 0
58.32136350336808 58.38609672190568 0 0
65.30803630028431 65.32519880284669 0 0
69.79780305162735 69.93970263777341 0 0
72.63243710014402 72.84009229417005 0 0
80.7575743285467 81.16273586333385 0 0
90.92023003519391 91.1197212255945 0 0
92.70381021719157 92.72496655481254 0 0
95.88801886858461 95.9547470852458 0 0
99.00131031216928 99.32858795001034 0 0
99.77816564091029 99.78808048154002 0 0
