0.0314159 1.59766 -71.6196  
0.0942478 1.51089 -23.8732  
0.15708 1.50395 -14.3239  
0.219911 1.50203 -10.2314  
0.282743 1.50125 -7.95775  
0.345575 1.50085 -6.51088  
0.408407 1.50062 -5.50921  
0.471239 1.50048 -4.77465  
0.534071 1.50038 -4.21292  
0.596903 1.50031 -3.76946  
0.659734 1.50026 -3.41046  
0.722566 1.50023 -3.1139  
0.785398 1.5002 -2.86479  
0.84823 1.50018 -2.65258  
0.911062 1.50016 -2.46965  
0.973894 1.50014 -2.31031  
1.03673 1.50013 -2.17029  
1.09956 1.50012 -2.04628  
1.16239 1.50011 -1.93567  
1.22522 1.50011 -1.8364  
1.28805 1.5001 -1.74682  
1.35088 1.5001 -1.66557  
1.41372 1.50009 -1.59155  
1.47655 1.50009 -1.52382  
1.53938 1.50008 -1.46163  
1.60221 1.50008 -1.40431  
1.66504 1.50008 -1.35132  
1.72788 1.50008 -1.30218  
1.79071 1.50007 -1.25649  
1.85354 1.50007 -1.21389  
1.91637 1.50007 -1.17409  
1.9792 1.50007 -1.13682  
2.04204 1.50007 -1.10184  
2.10487 1.50006 -1.06895  
2.1677 1.50006 -1.03797  
2.23053 1.50006 -1.00873  
2.29336 1.50006 -0.981092  
2.35619 1.50006 -0.95493  
2.41903 1.50006 -0.930126  
2.48186 1.50006 -0.906579  
2.54469 1.50006 -0.884194  
2.60752 1.50006 -0.862888  
2.73319 1.50006 -0.823215  
2.79602 1.50006 -0.804716  
2.85885 1.50005 -0.78703  
2.98451 1.50005 -0.753892  
3.04734 1.50005 -0.738348  
3.11018 1.50005 -0.723432  
3.23584 1.50005 -0.695337  
3.29867 1.50005 -0.682093  
3.42434 1.50005 -0.657062  
3.48717 1.50005 -0.645223  
3.61283 1.50005 -0.62278  
3.7385 1.50005 -0.601846  
3.80133 1.50005 -0.591899  
3.92699 1.50005 -0.572958  
4.05265 1.50005 -0.555192  
4.17832 1.50005 -0.538494  
4.30398 1.50005 -0.522772  
4.42965 1.50005 -0.507941  
4.55531 1.50005 -0.493929  
4.68097 1.50005 -0.480669  
4.80664 1.50005 -0.468103  
4.99513 1.50005 -0.450439  
5.1208 1.50005 -0.439385  
5.24646 1.50005 -0.428861  
5.43496 1.50005 -0.413987  
5.56062 1.50005 -0.404631  
5.74911 1.50005 -0.391365  
5.93761 1.50005 -0.37894  
6.06327 1.50005 -0.371087  
6.25177 1.50005 -0.359898  
6.44026 1.50005 -0.349365  
6.62876 1.50005 -0.33943  
6.81726 1.50004 -0.330045  
7.00575 1.50004 -0.321165  
7.25708 1.50004 -0.310042  
7.44557 1.50004 -0.302193  
7.6969 1.50004 -0.292325  
7.8854 1.50004 -0.285338  
8.13672 1.50004 -0.276524  
8.38805 1.50004 -0.268239  
8.63938 1.50004 -0.260435  
8.89071 1.50004 -0.253073  
9.14203 1.50004 -0.246116  
9.39336 1.50004 -0.239531  
9.64469 1.50004 -0.233289  
9.95885 1.50004 -0.22593  
10.273 1.50004 -0.219021  
10.5243 1.50004 -0.21379  
10.8385 1.50004 -0.207593  
11.1527 1.50004 -0.201746  
11.5296 1.50004 -0.195149  
11.8438 1.50004 -0.189973  
12.2208 1.50004 -0.184112  
12.535 1.50004 -0.179498  
12.9119 1.50004 -0.174257  
13.2889 1.50004 -0.169314  
13.7288 1.50004 -0.16389  
14.1058 1.50004 -0.159509  
14.5456 1.50004 -0.154686  
14.9226 1.50004 -0.150778  
15.3624 1.50004 -0.146462  
15.865 1.50004 -0.141821  
16.3049 1.50004 -0.137996  
16.8075 1.50004 -0.133869  
17.3102 1.50004 -0.129981  
17.8128 1.50004 -0.126313  
18.3155 1.50004 -0.122847  
18.881 1.50004 -0.119168  
19.3836 1.50004 -0.116077  
20.0119 1.50004 -0.112433  
20.5774 1.50004 -0.109343  
21.2058 1.50004 -0.106103  
21.8341 1.50004 -0.10305  
22.4624 1.50004 -0.100167  
23.0907 1.50004 -0.0974418  
23.7819 1.50004 -0.0946099  
24.473 1.50004 -0.091938  
25.227 1.50004 -0.0891902  
25.981 1.50004 -0.0866018  
26.735 1.50004 -0.0841595  
27.4889 1.50004 -0.0818511  
28.3057 1.50004 -0.0794892  
29.1854 1.50004 -0.0770934  
30.0022 1.50004 -0.0749945  
30.8819 1.50004 -0.0728583  
31.8243 1.50004 -0.0707006  
32.7668 1.50004 -0.068667  
33.7093 1.50004 -0.0667472  
34.7146 1.50004 -0.0648142  
35.7199 1.50004 -0.0629901  
36.788 1.50004 -0.0611612  
37.8562 1.50004 -0.0594355  
38.9872 1.50004 -0.0577113  
40.1181 1.50004 -0.0560844  
41.3119 1.50004 -0.0544637  
42.5686 1.50004 -0.0528559  
43.8252 1.50004 -0.0513403  
45.0819 1.50004 -0.0499092  
46.4013 1.50004 -0.04849  
47.7836 1.50004 -0.0470873  
49.2288 1.50004 -0.045705  
50.6739 1.50004 -0.0444016  
52.1819 1.50004 -0.0431184  
53.6898 1.50004 -0.0419074  
55.2606 1.50004 -0.0407162  
56.8942 1.50004 -0.0395471  
58.5907 1.50004 -0.038402  
60.2872 1.50004 -0.0373214  
62.1093 1.50004 -0.0362265  
63.9314 1.50004 -0.035194  
65.8164 1.50004 -0.034186  
67.7642 1.50004 -0.0332034  
69.7748 1.50004 -0.0322466  
71.7854 1.50004 -0.0313434  
73.9217 1.50004 -0.0304376  
76.1208 1.50004 -0.0295583  
78.3827 1.50004 -0.0287053  
80.6447 1.50004 -0.0279002  
83.0323 1.50004 -0.0270979  
85.4827 1.50004 -0.0263211  
88.0588 1.50004 -0.0255511  
90.6349 1.50004 -0.0248249  
93.2739 1.50004 -0.0241225  
96.0385 1.50004 -0.0234281  
98.8659 1.50004 -0.0227581  
101.819 1.50004 -0.022098  
104.835 1.50004 -0.0214623  
107.914 1.50004 -0.02085  
111.118 1.50004 -0.0202487  
114.385 1.50004 -0.0196703  
117.715 1.50004 -0.0191139  
121.234 1.50004 -0.0185591  
124.815 1.50004 -0.0180266  
128.46 1.50004 -0.0175152  
132.292 1.50004 -0.0170078  
136.188 1.50004 -0.0165213  
140.209 1.50004 -0.0160474  
144.356 1.50004 -0.0155864  
148.566 1.50004 -0.0151448  
152.964 1.50004 -0.0147093  
157.488 1.50004 -0.0142868  
162.138 1.50004 -0.0138771  
166.913 1.50004 -0.0134801  
171.877 1.50004 -0.0130908  
176.903 1.50004 -0.0127188  
182.181 1.50004 -0.0123504  
187.522 1.50004 -0.0119986  
193.051 1.50004 -0.011655  
198.769 1.50004 -0.0113197  
204.612 1.50004 -0.0109964  
210.644 1.50004 -0.0106815  
216.864 1.50004 -0.0103752  
223.273 1.50004 -0.0100773  
229.87 1.50004 -0.00978813  
236.656 1.50004 -0.00950746  
243.631 1.50004 -0.0092353  
250.856 1.50004 -0.00896928  
258.27 1.50004 -0.0087118  
265.873 1.50004 -0.00846269  
273.727 1.50004 -0.00821987  
281.832 1.50004 -0.00798347  
290.126 1.50004 -0.00775525  
298.671 1.50004 -0.00753337  
307.531 1.50004 -0.00731635  
316.578 1.50004 -0.00710725  
325.94 1.50004 -0.00690311  
335.554 1.50004 -0.00670534  
345.481 1.50004 -0.00651266  
355.66 1.50004 -0.00632627  
366.153 1.50004 -0.00614498  
376.96 1.50004 -0.00596881  
