# Status file for ctqmc. Used to save all times t_s, t_e.
2
20
0.5718229910981449 4.333381820022003 0 0
4.480965632564399 4.635538759600782 0 0
4.691019711540882 10.10723697693527 0 0
15.91953816509587 16.16694064967341 0 0
30.59584022916404 30.6002268572845 0 0
32.989847579202 33.31290299913373 0 0
36.43299176923142 36.94247157923923 0 0
40.26355493536038 40.37705767449885 0 0
50.30935780364675 50.46012604969486 0 0
50.56275643384644 50.84326620744045 0 0
53.39838600536878 54.9825509144816 0 0
55.22611097540958 56.44727659911779 0 0
57.19263570013937 57.4058343474583 0 0
75.24891413656202 75.38729576656858 0 0
76.19280306750444 78.76310570006031 0 0
81.36171645065366 81.54062392042204 0 0
82.84457554269751 83.02243518771212 0 0
87.62352444949994 90.4379798652826 0 0
93.19694409708364 93.94356460876647 0 0
98.94370317405321 98.95741108491984 0 0
20
6.482263696446717 0.3747628810819918 0 0
6.744247496588932 6.652556010329567 0 0
9.780885497466894 7.431910055968739 0 0
10.94796418561356 10.85253441071241 0 0
12.05100876444645 11.83210683768932 0 0
22.66124549551552 22.60423355689115 0 0
28.77928960587277 28.66915016007585 0 0
31.89497266537634 30.47746321940707 0 0
33.18519105926663 32.42492400267817 0 0
39.67075443031671 39.60479618778638 0 0
56.78054476181242 53.77324655642148 0 0
59.4055074686564 59.1765960765667 0 0
69.48116170299595 69.41213733146847 0 0
70.32980560126754 69.66239740341659 0 0
70.57762484276077 70.34087553246627 0 0
71.14131499222566 71.0020666552269 0 0
74.8596360851369 72.6205967401844 0 0
78.16936271976704 76.34244429889839 0 0
91.1363107027238 88.09091369155618 0 0
99.30661497504491 98.95515759899152 0 0
