# Status file for ctqmc. Used to save all times t_s, t_e.
2
22
0.4937684149296581 1.776905889169027 0 0
1.811423918335343 1.977910776322617 0 0
2.85623656708471 6.056073652918672 0 0
6.734270079866436 6.858877384211283 0 0
8.007832832482093 9.941603115110302 0 0
10.49189328173142 11.19361152124828 0 0
13.00256977069937 13.1919802073575 0 0
17.31260546075829 17.69777477319524 0 0
17.82726838801652 19.77389537188347 0 0
21.05562242420795 21.40549233734491 0 0
22.0148400544225 22.28119842672924 0 0
27.46637937118524 28.94767315161118 0 0
30.18661183851931 30.49937937984806 0 0
30.9893880555738 31.20981370941387 0 0
31.88587218950098 32.44339625105678 0 0
32.5639525786785 33.03675015785932 0 0
38.56408742083285 39.00134370365535 0 0
62.46847594419648 62.97506199212631 0 0
63.7142782267502 63.79983841137736 0 0
71.67020009429841 71.73160087365285 0 0
85.77106774598063 86.25627940024135 0 0
90.94748206484904 91.08910977347458 0 0
18
2.048440380329668 0.5019664333051365 0 0
5.665299953078002 3.149259984413054 0 0
7.328923144686183 6.610944826323173 0 0
10.72331229807665 8.120505546763985 0 0
11.68856259704632 11.0972563276661 0 0
17.47072986624745 16.63734296703142 0 0
18.6724466374209 17.87343723893678 0 0
20.18944758363298 18.73944610316481 0 0
22.1240292145907 22.08366999725803 0 0
28.35136485802741 28.18775328905182 0 0
44.29998463440437 44.20684285288773 0 0
45.63412102368282 45.48179079462486 0 0
59.36032946563007 59.31746852745533 0 0
63.45263274161689 63.20660904282511 0 0
63.72395347813173 63.66794200513299 0 0
64.05515125554089 63.74349888105971 0 0
80.49314869561177 79.88803649312118 0 0
89.50819280802151 87.6039679503411 0 0
