# Status file for ctqmc. Used to save all times t_s, t_e.
2
18
0.2603048637517134 1.857896402774289 0 0
2.000036935929142 2.251945152917999 0 0
2.292169871949508 2.58475028652266 0 0
9.987236708092803 12.45896180864506 0 0
12.85471067461351 26.52699403396331 0 0
26.71731603880457 37.39784581658086 0 0
37.44341087354579 38.86557982950131 0 0
45.92360896132772 45.94732221272204 0 0
46.74524782726216 51.15889711135951 0 0
54.37287850211595 54.53292132538962 0 0
63.53356464204903 65.8892639074818 0 0
66.75103073599 67.13697010145107 0 0
76.98987124907207 85.52830638750197 0 0
85.65545598349459 87.47135258888993 0 0
87.56739741342598 90.49603317841803 0 0
91.59164719406111 94.12561177731091 0 0
94.45827995707852 94.93775599763148 0 0
94.94811118096806 99.08358929614977 0 0
19
2.404467323668982 2.519924214012952 0 0
3.257832154591213 6.165204197188856 0 0
6.795717804122051 9.264486689605093 0 0
11.48816815380148 11.50714476331569 0 0
17.23816590754825 17.5735350887852 0 0
24.26217297271657 24.52846394995746 0 0
38.12977481790593 47.09735780969226 0 0
47.47094373428911 48.34901061202217 0 0
51.07030538132816 52.4536870012702 0 0
52.56676717928602 54.1691433348254 0 0
54.23564324444582 62.12299033457175 0 0
66.74362308648823 67.5763639125846 0 0
67.64722652183532 72.2464435502196 0 0
72.95673384114819 77.4138896083258 0 0
83.92630738752332 84.1778813378621 0 0
84.35536713622115 84.44245245550401 0 0
88.06909090711734 88.15339708092087 0 0
90.13751865789482 91.47331973724772 0 0
91.47813976295235 92.00839401678058 0 0
