# Status file for ctqmc. Used to save all times t_s, t_e.
2
18
2.426916463801348 1.797315057850855 0 0
16.95123382068708 8.009339971400586 0 0
20.38675148867122 20.00844025953894 0 0
21.81368972993118 20.56285424247401 0 0
33.0005918860907 32.83109503004314 0 0
34.73285880791392 34.6351372453101 0 0
45.16729991577015 43.26388315862802 0 0
46.98103532773304 45.17258015988967 0 0
52.16929250876617 48.26410048832197 0 0
53.4033860436944 52.40764861659056 0 0
55.71972889407841 53.47267785413628 0 0
66.08272028531889 65.40317298226195 0 0
67.85559196452263 66.11769996561395 0 0
68.03884306437139 67.96520882713095 0 0
69.19234373271789 68.8573430767981 0 0
80.84531712231085 80.72025474300753 0 0
87.51602119283163 87.14962328059541 0 0
90.40835847780903 90.33106130600849 0 0
20
8.899608109844559 11.0995780042533 0 0
11.12305910246058 14.88256365083227 0 0
15.34552748584864 17.78251601668731 0 0
18.60864769024051 21.1399684429721 0 0
22.86085204536533 22.9450960107351 0 0
23.64495987535877 24.16265621711798 0 0
27.0375986178368 27.32908820145983 0 0
42.728427181087 43.32827023757149 0 0
43.36585488008927 49.24798064440737 0 0
49.55579822506973 52.55609723198832 0 0
52.69267992380447 54.61627365640545 0 0
56.52120790027063 56.94180534888131 0 0
64.77646233979861 64.96141523885308 0 0
65.98876100785508 66.14149500959685 0 0
66.91262719089529 67.32036466375392 0 0
73.01789845938683 73.27868822928325 0 0
74.52091857822022 74.60497064389229 0 0
75.56107719975932 76.02302958035685 0 0
77.18591979665119 77.51859742544887 0 0
85.71693964890314 86.07914178622492 0 0
