# Status file for ctqmc. Used to save all times t_s, t_e.
2
21
5.078013663699299 4.009774879253057 0 0
18.93414047462471 18.63201807395168 0 0
23.62491816539573 23.3719148926198 0 0
24.13201708098702 23.96228606064719 0 0
24.5664031742629 24.19855208298466 0 0
27.16157614816422 26.31745658796979 0 0
35.94601561518853 34.80262798464658 0 0
39.20225580351595 37.03195995634783 0 0
41.58912745535261 39.55478076273635 0 0
42.18802986263572 41.88185616747961 0 0
43.20852443878839 43.08957378185265 0 0
44.03608056690767 44.02013839840082 0 0
45.88666087319382 45.51428970533463 0 0
46.96579044756479 45.97020952395258 0 0
48.09698303582891 47.02330593894568 0 0
52.68183392159931 52.4613837597708 0 0
73.52307466634646 59.20342470077413 0 0
76.88214355198208 76.04474059331382 0 0
79.32946285091791 76.99175460581247 0 0
86.89118086647591 86.58771010386461 0 0
94.11489906114448 94.09804645491732 0 0
19
3.5956950188435 4.476119994212119 0 0
10.3885957813648 10.45599656582437 0 0
12.71598241595373 12.83692168853221 0 0
34.53406667457234 35.42959882491861 0 0
35.45738840093103 39.40061484543056 0 0
39.69484994210463 40.17241611434767 0 0
40.72805959222011 40.7292065129076 0 0
42.10024852243774 42.19900745458605 0 0
45.29707822730217 48.24391552759201 0 0
59.06101269851297 64.45959306106803 0 0
66.16753570785062 66.58254601078066 0 0
66.58282885729004 68.49230917034984 0 0
68.61363658412149 69.58718177438782 0 0
70.34680936616405 70.56438008144585 0 0
70.60089573061235 73.75927557750749 0 0
76.58583484488433 79.58023988568461 0 0
82.8144019444875 83.23059388953304 0 0
86.59231587888917 86.82502653040099 0 0
89.67459756213584 89.75426330428215 0 0
