# Status file for ctqmc. Used to save all times t_s, t_e.
2
15
5.085445653529388 5.36525329873414 0 0
6.051118728029496 6.485960219864554 0 0
6.545542976622838 12.13815482240247 0 0
13.22399084782345 14.51907216990763 0 0
14.94305817951862 22.9503922210151 0 0
22.97450941777598 23.4869033455286 0 0
29.95814671170098 30.50428062825115 0 0
30.53243035485421 30.82699025344504 0 0
33.6620370040234 35.88956860050578 0 0
37.59611492024534 40.76292060809265 0 0
41.02338785490956 55.93780937081708 0 0
56.46159400845377 56.47179261821205 0 0
64.15099086499016 64.45375762847584 0 0
78.52899943166358 79.15847037493224 0 0
79.33273642808085 79.46533884386812 0 0
16
1.198107027916961 1.156113554711936 0 0
13.26221690394894 5.148172078868154 0 0
20.4089616537623 13.81594658127479 0 0
23.75585822249075 20.66430882264256 0 0
26.46737173318033 26.44911650477152 0 0
44.0479845866174 37.86673274982016 0 0
47.50383618381386 44.85953806628532 0 0
55.06377133219242 47.77618771386407 0 0
65.569158127412 65.4687196066013 0 0
83.50614785106684 81.48449147945543 0 0
86.18389270585945 84.95310195901388 0 0
90.05821918271837 89.94284445312319 0 0
90.29066378582043 90.27268608867566 0 0
91.73168007165724 91.24543772994863 0 0
98.44960919714597 97.32618142440805 0 0
98.5669014266068 98.50787209566809 0 0
