# Status file for ctqmc. Used to save all times t_s, t_e.
2
18
12.86728082915059 11.51184479406695 0 0
17.03137980659554 15.99672975446579 0 0
17.84421825848171 17.50101092406622 0 0
22.61843206659253 20.13286596653464 0 0
37.80654342450541 33.6630270487548 0 0
38.67433753422182 38.19127061737659 0 0
48.89407572555326 48.506822680599 0 0
50.23085289926389 50.0780178092399 0 0
50.61678848634136 50.53234207274988 0 0
61.93584074216277 61.58684964270898 0 0
65.5920801167895 64.63134265945148 0 0
74.68908153545432 74.06059412692916 0 0
74.88411049632892 74.76347217815083 0 0
79.82850918330976 79.08315166552171 0 0
89.31481512207657 89.06116182628668 0 0
92.1772879107784 92.0372539436266 0 0
94.99398106965251 94.65188945756569 0 0
97.18801532913491 96.59653343310116 0 0
24
5.69518485710212 6.045177497490659 0 0
12.75421968416712 12.83730124246556 0 0
13.22149687891885 14.89471011789023 0 0
15.8316744160087 16.08001581049854 0 0
16.25788365725884 18.36095470655576 0 0
20.89813574337125 21.33958229033177 0 0
21.60696287074895 21.93159221073979 0 0
22.10566431454797 22.32019320772505 0 0
26.90669091769548 27.1656377895393 0 0
33.61350570249101 33.87007034261678 0 0
34.01390996356729 37.43139380240853 0 0
40.74662695969212 42.32950181172063 0 0
45.54770620417239 45.58574275296566 0 0
45.68139731570945 45.87386611487333 0 0
49.18567731261045 49.23657087188535 0 0
49.71978607226185 49.94010937126295 0 0
50.47362671538176 50.57575689866432 0 0
54.60314227460213 54.65864591580844 0 0
57.24996074395982 57.25216315697625 0 0
61.57850229216952 61.70604209794118 0 0
75.32652757963588 75.46199853707803 0 0
83.48589228131844 83.76670381418374 0 0
83.90271037384883 84.80437066441263 0 0
88.57917314388222 89.13906565201495 0 0
