# Status file for ctqmc. Used to save all times t_s, t_e.
2
19
1.594910019480437 1.540976319287978 0 0
7.391634047360244 7.09185898300501 0 0
17.65004543508303 17.24985902942834 0 0
23.69778961937671 23.6581006187336 0 0
31.60273264819065 31.5932565913243 0 0
35.27586832478177 35.00346815143637 0 0
41.40467059239333 40.1307375261531 0 0
46.38732021823853 45.93419595933103 0 0
47.52657532211861 47.04470429461412 0 0
54.394975895063 50.52771832599548 0 0
55.62513721317681 54.4062868616442 0 0
61.52245917498146 56.88538401728552 0 0
64.68801931050757 62.48030261509502 0 0
65.85874792737549 64.84407403893991 0 0
67.28763176090852 66.84692806779967 0 0
68.16139298816232 68.14231480615447 0 0
76.6763713777097 75.70474157837619 0 0
88.25539067385077 76.70692494794001 0 0
99.55878868706199 97.96553977761293 0 0
23
8.702836667833866 8.716080082431864 0 0
19.30158495570686 19.62146674900977 0 0
23.82465473032902 24.31864008317615 0 0
26.25451902997641 26.26417682478836 0 0
38.20070470940206 38.60088490088216 0 0
39.96262858555102 40.03314636343767 0 0
47.26039191706931 47.64286256198537 0 0
50.77630299229921 58.56591332022894 0 0
58.97671519458364 59.41980005793249 0 0
59.4774254415768 61.68542226926617 0 0
62.71150023028732 67.62108248839556 0 0
70.6838892271923 70.79742003138621 0 0
71.22519731849768 71.75384862530692 0 0
72.93081137327319 73.20460231373117 0 0
73.4573303578667 73.86251309623674 0 0
76.40799099923767 77.09223997230102 0 0
77.09479983645949 77.66639966097298 0 0
77.67195878580499 78.54355697142152 0 0
78.8436424373516 78.96148658683816 0 0
79.1855665514997 79.20211308721667 0 0
79.66416733589136 87.7245502816082 0 0
92.77427479409808 93.11215978797485 0 0
98.03547729148188 98.63393876746187 0 0
