# Status file for ctqmc. Used to save all times t_s, t_e.
2
25
6.968396915011554 6.88088044127231 0 0
8.910997066887642 8.35437385909696 0 0
15.88032627402419 15.81870899605095 0 0
18.85534380255957 16.21630454875261 0 0
26.79388700232673 19.84935176598893 0 0
27.75404386861194 27.19335050115885 0 0
30.57110053426087 30.0865493665354 0 0
31.98550437687758 31.43644828526813 0 0
32.83575978881289 32.77395125144123 0 0
34.52310799281474 34.33633267978787 0 0
35.35328938549716 34.71693968595181 0 0
35.68073021339693 35.47861484807257 0 0
38.60650281822457 36.93692883957005 0 0
39.75369303401911 38.64576574553121 0 0
39.8726200218829 39.81880090826755 0 0
41.15000178714023 39.9628495845202 0 0
44.4265568200554 41.47677297923486 0 0
47.75148490073585 44.65642350219615 0 0
51.76562669537251 48.06656006137506 0 0
52.1745379579648 52.01193585389694 0 0
54.45294265969899 52.38328914807323 0 0
54.6167289763627 54.56477554813915 0 0
55.75796750993969 54.63153753758561 0 0
70.6917042689348 55.94523423564527 0 0
79.12900750365344 78.38187569103702 0 0
19
2.654764841638133 2.713969056584443 0 0
15.64266825881294 17.44356542576462 0 0
18.30894767925934 24.52661637388065 0 0
24.76052777808301 25.13479507196334 0 0
25.22098292689293 26.31260281340253 0 0
34.6283019827835 40.54612399917676 0 0
40.80527266496031 40.84637908467585 0 0
41.71302294971283 52.31091598669395 0 0
53.06865720128069 66.81185911061507 0 0
67.53155443627817 68.44000381674154 0 0
68.61949942994441 70.10971592814961 0 0
70.3443484974905 70.51115998396935 0 0
73.66057142645018 74.79464244245484 0 0
75.48509747010434 78.61897238221061 0 0
81.85549836868194 82.0575094798874 0 0
85.46230226344727 86.82091251058897 0 0
89.01463922884173 89.30294770953508 0 0
94.80970421168983 94.95664676964421 0 0
97.77398984646932 97.97215914598493 0 0
