# Status file for ctqmc. Used to save all times t_s, t_e.
2
17
0.613939224944815 3.984544642212213 0 0
4.049524434898815 4.066638048011912 0 0
7.262617373835171 7.475465687726413 0 0
8.904138495603394 15.95654332339527 0 0
15.95679576461585 20.68821778625215 0 0
31.34817887729108 32.86495097684234 0 0
33.11982147209795 34.80798996991665 0 0
36.19897891327726 37.72608557653664 0 0
39.2575188625467 39.377414857519 0 0
40.93817008858491 42.31666633303168 0 0
50.66922547648737 50.66950135886784 0 0
50.73623774428339 50.76556905684835 0 0
55.09145999260845 72.92954840654642 0 0
73.00950870505432 76.935977080152 0 0
76.94238650111355 98.85481156146481 0 0
98.91476004269306 98.92369175968877 0 0
99.0111816722184 99.84210871919868 0 0
23
2.481731940537451 0.8736858824861747 0 0
3.042646996150953 2.79031733988042 0 0
8.729179975321957 8.656709186817285 0 0
11.53395190536744 9.266037436194889 0 0
19.75942353026323 11.66387289873982 0 0
21.17297578543057 19.95197230310142 0 0
22.11015036227096 21.31358903661119 0 0
24.72448683295714 24.35375182385105 0 0
26.13707359893694 26.05242240474742 0 0
34.84473529449198 32.953137603039 0 0
36.36130627949507 36.30557058861675 0 0
38.19513698943856 36.37074666911137 0 0
41.74807271722834 41.70573615091414 0 0
47.01475702433694 46.96176479116622 0 0
47.31739306208863 47.25329285071125 0 0
54.99589330515524 54.8764150871227 0 0
59.01909923310016 55.30703377800495 0 0
60.25330596244181 59.09525830232283 0 0
61.21483922700415 60.56303708070828 0 0
62.32654705785998 61.61521838394117 0 0
62.73066515508185 62.71311941723133 0 0
88.15080403514463 62.76507268047358 0 0
99.73713832292148 88.19750453887873 0 0
