16:42:40	Time	Loop#	mu	N	Etot	Ekin	Epot
16:42:42	1	4.40	0.98	-0.3037	-0.5138	0.2101
16:43:02	2	4.40	0.98	-0.2930	-0.5253	0.2323
16:43:22	3	4.40	0.99	-0.2855	-0.5337	0.2482
16:43:42	4	4.40	0.99	-0.2808	-0.5408	0.2600
16:44:02	5	4.40	1.00	-0.2767	-0.5466	0.2699
16:44:22	6	4.40	1.00	-0.2745	-0.5530	0.2784
16:44:43	7	4.40	1.00	-0.2703	-0.5604	0.2901
16:45:04	8	4.40	1.00	-0.2711	-0.5665	0.2954
16:45:26	9	4.40	1.00	-0.2730	-0.5740	0.3009
16:45:48	10	4.40	1.00	-0.2738	-0.5852	0.3114
16:46:11	11	4.40	1.00	-0.2751	-0.5985	0.3234
16:46:35	12	4.40	1.00	-0.2790	-0.6153	0.3363
16:47:01	13	4.40	1.00	-0.2831	-0.6380	0.3550
16:47:28	14	4.40	1.00	-0.2865	-0.6640	0.3775
16:47:57	15	4.40	1.00	-0.2924	-0.6902	0.3978
16:48:26	16	4.40	1.00	-0.2961	-0.7147	0.4186
16:48:56	17	4.40	1.00	-0.3006	-0.7368	0.4362
16:49:27	18	4.40	1.00	-0.3034	-0.7556	0.4522
16:49:58	19	4.40	1.00	-0.3046	-0.7719	0.4672
16:50:30	20	4.40	1.00	-0.3069	-0.7824	0.4755
16:51:02	21	4.40	1.00	-0.3088	-0.7915	0.4827
16:51:34	22	4.40	1.00	-0.3100	-0.7985	0.4885
16:52:07	23	4.40	1.00	-0.3110	-0.8042	0.4932
16:52:40	24	4.40	1.00	-0.3107	-0.8094	0.4987
16:53:13	25	4.40	1.00	-0.3095	-0.8132	0.5037
16:53:46	26	4.40	1.00	-0.3108	-0.8156	0.5047
16:54:19	27	4.40	1.00	-0.3115	-0.8165	0.5050
16:54:52	28	4.40	1.00	-0.3112	-0.8181	0.5069
16:55:25	29	4.40	1.00	-0.3125	-0.8192	0.5067
16:55:59	30	4.40	1.00	-0.3113	-0.8201	0.5087
16:56:32	31	4.40	1.00	-0.3100	-0.8209	0.5110
16:57:06	32	4.40	1.00	-0.3100	-0.8218	0.5118
