16:57:36	Time	Loop#	mu	N	Etot	Ekin	Epot
16:57:39	1	4.20	0.96	-0.4035	-0.8163	0.4128
16:58:13	2	4.20	0.97	-0.3817	-0.8353	0.4536
16:58:49	3	4.20	0.98	-0.3670	-0.8481	0.4812
16:59:25	4	4.20	0.99	-0.3575	-0.8586	0.5011
17:00:01	5	4.20	0.99	-0.3506	-0.8651	0.5145
17:00:36	6	4.20	1.00	-0.3461	-0.8706	0.5245
17:01:12	7	4.20	1.00	-0.3435	-0.8740	0.5305
17:01:49	8	4.20	1.00	-0.3408	-0.8764	0.5356
17:02:25	9	4.20	1.00	-0.3390	-0.8771	0.5381
17:03:01	10	4.20	1.00	-0.3380	-0.8788	0.5408
17:03:38	11	4.20	1.00	-0.3368	-0.8806	0.5438
17:04:14	12	4.20	1.00	-0.3366	-0.8820	0.5454
17:04:50	13	4.20	1.00	-0.3361	-0.8824	0.5463
17:05:26	14	4.20	1.00	-0.3359	-0.8835	0.5475
