16:38:22	Time	Loop#	mu	N	Etot	Ekin	Epot
16:38:24	1	4.60	0.98	-0.2962	-0.4739	0.1778
16:38:42	2	4.60	0.98	-0.2807	-0.4836	0.2029
16:39:00	3	4.60	0.99	-0.2718	-0.4897	0.2179
16:39:18	4	4.60	0.99	-0.2653	-0.4945	0.2293
16:39:36	5	4.60	1.00	-0.2604	-0.4976	0.2372
16:39:55	6	4.60	1.00	-0.2572	-0.5008	0.2436
16:40:13	7	4.60	1.00	-0.2563	-0.5029	0.2465
16:40:31	8	4.60	1.00	-0.2550	-0.5044	0.2495
16:40:50	9	4.60	1.00	-0.2552	-0.5055	0.2503
16:41:09	10	4.60	1.00	-0.2527	-0.5071	0.2544
16:41:27	11	4.60	1.00	-0.2521	-0.5082	0.2561
16:41:46	12	4.60	1.00	-0.2496	-0.5098	0.2602
16:42:05	13	4.60	1.00	-0.2519	-0.5106	0.2588
16:42:24	14	4.60	1.00	-0.2517	-0.5117	0.2600
