16:26:23	Time	Loop#	mu	N	Etot	Ekin	Epot
16:26:26	1	5.40	0.97	-0.3074	-0.3825	0.0751
16:26:40	2	5.40	0.98	-0.2674	-0.3904	0.1230
16:26:55	3	5.40	0.95	2.3650	-0.6904	3.0554
16:27:11	4	5.40	0.98	1.2820	-0.5556	1.8376
16:27:27	5	5.40	0.99	0.6713	-0.4914	1.1626
16:27:43	6	5.40	0.99	0.3177	-0.4575	0.7752
16:27:58	7	5.40	1.00	0.1081	-0.4380	0.5461
16:28:13	8	5.40	1.00	-0.0161	-0.4262	0.4101
16:28:28	9	5.40	1.00	-0.0891	-0.4190	0.3299
16:28:43	10	5.40	1.00	-0.1370	-0.4143	0.2773
16:28:59	11	5.40	1.00	-0.1662	-0.4110	0.2448
16:29:13	12	5.40	1.00	-0.1801	-0.4094	0.2293
16:29:28	13	5.40	1.00	-0.1914	-0.4081	0.2167
16:29:43	14	5.40	1.00	-0.1977	-0.4068	0.2091
16:29:58	15	5.40	1.00	-0.2042	-0.4065	0.2024
16:30:14	16	5.40	1.00	-0.2042	-0.4063	0.2021
