17:06:00	Time	Loop#	mu	N	Etot	Ekin	Epot
17:06:03	1	4.00	0.95	-0.4326	-0.8785	0.4458
17:06:41	2	4.00	0.97	-0.4095	-0.8987	0.4892
17:07:20	3	4.00	0.98	-0.3946	-0.9106	0.5160
17:07:59	4	4.00	0.99	-0.3842	-0.9196	0.5354
17:08:38	5	4.00	0.99	-0.3772	-0.9257	0.5485
17:09:16	6	4.00	1.00	-0.3730	-0.9308	0.5578
17:09:56	7	4.00	1.00	-0.3695	-0.9345	0.5650
17:10:35	8	4.00	1.00	-0.3669	-0.9368	0.5699
17:11:14	9	4.00	1.00	-0.3665	-0.9384	0.5720
17:11:53	10	4.00	1.00	-0.3653	-0.9394	0.5741
17:12:32	11	4.00	1.00	-0.3659	-0.9395	0.5736
17:13:11	12	4.00	1.00	-0.3649	-0.9400	0.5751
17:13:51	13	4.00	1.00	-0.3645	-0.9396	0.5751
17:14:30	14	4.00	1.00	-0.3646	-0.9407	0.5761
