16:35:13	Time	Loop#	mu	N	Etot	Ekin	Epot
16:35:15	1	4.80	0.98	-0.2867	-0.4462	0.1595
16:35:32	2	4.80	0.98	-0.2730	-0.4544	0.1814
16:35:49	3	4.80	0.99	-0.2645	-0.4600	0.1954
16:36:06	4	4.80	0.99	-0.2549	-0.4644	0.2096
16:36:24	5	4.80	1.00	-0.2488	-0.4671	0.2183
16:36:41	6	4.80	1.00	-0.2479	-0.4689	0.2211
16:36:58	7	4.80	1.00	-0.2442	-0.4708	0.2266
16:37:15	8	4.80	1.00	-0.2404	-0.4720	0.2316
16:37:32	9	4.80	1.00	-0.2393	-0.4727	0.2334
16:37:50	10	4.80	1.00	-0.2382	-0.4730	0.2349
16:38:07	11	4.80	1.00	-0.2381	-0.4738	0.2357
