16:14:49	Time	Loop#	mu	N	Etot	Ekin	Epot
16:14:52	1	6.00	1.00	1.3907	-1.6093	3.0000
16:15:23	2	6.00	1.00	0.7385	-1.0326	1.7710
16:15:50	3	6.00	1.00	0.3668	-0.7940	1.1607
16:16:13	4	6.00	1.00	0.1462	-0.6652	0.8114
16:16:34	5	6.00	1.00	0.0189	-0.5869	0.6058
16:16:54	6	6.00	1.00	-0.0578	-0.5348	0.4770
16:17:13	7	6.00	1.00	-0.1029	-0.4995	0.3965
16:17:31	8	6.00	1.00	-0.1318	-0.4738	0.3420
16:17:48	9	6.00	1.00	-0.1504	-0.4512	0.3008
16:18:04	10	6.00	1.00	-0.1637	-0.4354	0.2717
16:18:21	11	6.00	1.00	-0.1709	-0.4227	0.2518
16:18:36	12	6.00	1.00	-0.1787	-0.4098	0.2311
16:18:51	13	6.00	1.00	-0.1798	-0.4000	0.2202
16:19:07	14	6.00	1.00	-0.1840	-0.3935	0.2095
16:19:21	15	6.00	1.00	-0.1843	-0.3867	0.2024
16:19:36	16	6.00	1.00	-0.1801	-0.3817	0.2016
16:19:50	17	6.00	1.00	-0.1813	-0.3766	0.1953
16:20:04	18	6.00	1.00	-0.1814	-0.3722	0.1908
