16:20:16	Time	Loop#	mu	N	Etot	Ekin	Epot
16:20:18	1	5.80	0.98	-0.2370	-0.3669	0.1299
16:20:33	2	5.80	0.99	-0.2228	-0.3700	0.1473
16:20:47	3	5.80	0.99	-0.2126	-0.3709	0.1583
16:21:01	4	5.80	1.00	-0.2059	-0.3713	0.1655
16:21:15	5	5.80	1.00	-0.2051	-0.3720	0.1669
16:21:29	6	5.80	1.00	-0.2041	-0.3724	0.1683
16:21:43	7	5.80	1.00	-0.2000	-0.3721	0.1721
16:21:57	8	5.80	1.00	-0.1972	-0.3719	0.1747
16:22:11	9	5.80	1.00	-0.1943	-0.3716	0.1773
16:22:25	10	5.80	1.00	-0.1909	-0.3712	0.1803
16:22:39	11	5.80	1.00	-0.1869	-0.3715	0.1846
16:22:53	12	5.80	1.00	-0.1893	-0.3711	0.1818
16:23:07	13	5.80	1.00	-0.1948	-0.3706	0.1759
16:23:21	14	5.80	1.00	-0.1921	-0.3711	0.1791
16:23:36	15	5.80	1.00	-0.1963	-0.3713	0.1750
16:23:50	16	5.80	1.00	-0.1920	-0.3712	0.1791
16:24:04	17	5.80	1.00	-0.1899	-0.3708	0.1808
16:24:18	18	5.80	1.00	-0.1908	-0.3710	0.1802
16:24:32	19	5.80	1.00	-0.1907	-0.3708	0.1801
