16:32:15	Time	Loop#	mu	N	Etot	Ekin	Epot
16:32:17	1	5.00	0.98	-0.2717	-0.4243	0.1525
16:32:33	2	5.00	0.99	-0.2583	-0.4314	0.1732
16:32:49	3	5.00	0.99	-0.2480	-0.4362	0.1882
16:33:05	4	5.00	0.99	-0.2419	-0.4389	0.1970
16:33:21	5	5.00	1.00	-0.2388	-0.4411	0.2023
16:33:38	6	5.00	1.00	-0.2348	-0.4433	0.2085
16:33:54	7	5.00	1.00	-0.2314	-0.4442	0.2128
16:34:10	8	5.00	1.00	-0.2325	-0.4449	0.2124
16:34:26	9	5.00	1.00	-0.2289	-0.4461	0.2172
16:34:43	10	5.00	1.00	-0.2279	-0.4461	0.2183
16:34:59	11	5.00	1.00	-0.2278	-0.4469	0.2191
