0.0314159 13.2009 -509.13  
0.0942478 5.02312 -169.759  
0.15708 4.36869 -101.858  
0.219911 4.18839 -72.7561  
0.282743 4.11419 -56.5882  
0.345575 4.07663 -46.2995  
0.408407 4.05502 -39.1765  
0.471239 4.04147 -33.953  
0.534071 4.03241 -29.9585  
0.596903 4.02606 -26.805  
0.659734 4.02144 -24.2522  
0.722566 4.01797 -22.1433  
0.785398 4.01529 -20.3718  
0.84823 4.01319 -18.8628  
0.911062 4.01151 -17.5619  
0.973894 4.01014 -16.4289  
1.03673 4.00902 -15.4332  
1.09956 4.00808 -14.5513  
1.16239 4.00729 -13.7647  
1.22522 4.00662 -13.0589  
1.28805 4.00604 -12.4218  
1.35088 4.00555 -11.8441  
1.41372 4.00511 -11.3177  
1.47655 4.00473 -10.8361  
1.53938 4.0044 -10.3938  
1.60221 4.00411 -9.98619  
1.66504 4.00384 -9.60935  
1.72788 4.00361 -9.25992  
1.79071 4.0034 -8.93501  
1.85354 4.00321 -8.63213  
1.91637 4.00304 -8.34911  
1.9792 4.00289 -8.08406  
2.04204 4.00275 -7.83532  
2.10487 4.00262 -7.60143  
2.1677 4.0025 -7.3811  
2.23053 4.00239 -7.17318  
2.29336 4.00229 -6.97665  
2.35619 4.0022 -6.79061  
2.41903 4.00212 -6.61423  
2.48186 4.00204 -6.44678  
2.54469 4.00197 -6.2876  
2.60752 4.0019 -6.13609  
2.73319 4.00178 -5.85397  
2.79602 4.00173 -5.72242  
2.85885 4.00168 -5.59666  
2.98451 4.00159 -5.36101  
3.04734 4.00155 -5.25047  
3.11018 4.00151 -5.1444  
3.23584 4.00144 -4.94462  
3.29867 4.0014 -4.85044  
3.42434 4.00134 -4.67244  
3.48717 4.00131 -4.58825  
3.61283 4.00126 -4.42866  
3.7385 4.00122 -4.2798  
3.80133 4.0012 -4.20906  
3.92699 4.00116 -4.07437  
4.05265 4.00112 -3.94803  
4.17832 4.00109 -3.82929  
4.30398 4.00106 -3.71749  
4.42965 4.00103 -3.61203  
4.55531 4.00101 -3.51238  
4.68097 4.00098 -3.41809  
4.80664 4.00096 -3.32873  
4.99513 4.00093 -3.20312  
5.1208 4.00091 -3.12451  
5.24646 4.0009 -3.04968  
5.43496 4.00088 -2.94391  
5.56062 4.00086 -2.87738  
5.74911 4.00084 -2.78304  
5.93761 4.00083 -2.69469  
6.06327 4.00081 -2.63884  
6.25177 4.0008 -2.55928  
6.44026 4.00079 -2.48437  
6.62876 4.00077 -2.41372  
6.81726 4.00076 -2.34699  
7.00575 4.00075 -2.28384  
7.25708 4.00074 -2.20474  
7.44557 4.00073 -2.14893  
7.6969 4.00072 -2.07876  
7.8854 4.00071 -2.02907  
8.13672 4.0007 -1.96639  
8.38805 4.0007 -1.90747  
8.63938 4.00069 -1.85198  
8.89071 4.00068 -1.79963  
9.14203 4.00068 -1.75016  
9.39336 4.00067 -1.70333  
9.64469 4.00067 -1.65894  
9.95885 4.00066 -1.60661  
10.273 4.00065 -1.55748  
10.5243 4.00065 -1.52029  
10.8385 4.00065 -1.47622  
11.1527 4.00064 -1.43464  
11.5296 4.00064 -1.38773  
11.8438 4.00063 -1.35092  
12.2208 4.00063 -1.30924  
12.535 4.00063 -1.27643  
12.9119 4.00062 -1.23916  
13.2889 4.00062 -1.20401  
13.7288 4.00062 -1.16544  
14.1058 4.00061 -1.13429  
14.5456 4.00061 -1.09999  
14.9226 4.00061 -1.0722  
15.3624 4.00061 -1.0415  
15.865 4.0006 -1.00851  
16.3049 4.0006 -0.981302  
16.8075 4.0006 -0.951955  
17.3102 4.0006 -0.924312  
17.8128 4.0006 -0.898229  
18.3155 4.00059 -0.873578  
18.881 4.00059 -0.847414  
19.3836 4.00059 -0.825439  
20.0119 4.00059 -0.799522  
20.5774 4.00059 -0.777551  
21.2058 4.00059 -0.754512  
21.8341 4.00059 -0.7328  
22.4624 4.00059 -0.712302  
23.0907 4.00058 -0.692919  
23.7819 4.00058 -0.672782  
24.473 4.00058 -0.653782  
25.227 4.00058 -0.634241  
25.981 4.00058 -0.615835  
26.735 4.00058 -0.598467  
27.4889 4.00058 -0.582052  
28.3057 4.00058 -0.565256  
29.1854 4.00058 -0.548219  
30.0022 4.00058 -0.533294  
30.8819 4.00058 -0.518104  
31.8243 4.00058 -0.50276  
32.7668 4.00058 -0.488299  
33.7093 4.00058 -0.474647  
34.7146 4.00058 -0.460901  
35.7199 4.00057 -0.447929  
36.788 4.00057 -0.434924  
37.8562 4.00057 -0.422652  
38.9872 4.00057 -0.410391  
40.1181 4.00057 -0.398822  
41.3119 4.00057 -0.387297  
42.5686 4.00057 -0.375864  
43.8252 4.00057 -0.365087  
45.0819 4.00057 -0.35491  
46.4013 4.00057 -0.344818  
47.7836 4.00057 -0.334843  
49.2288 4.00057 -0.325013  
50.6739 4.00057 -0.315744  
52.1819 4.00057 -0.30662  
53.6898 4.00057 -0.298008  
55.2606 4.00057 -0.289537  
56.8942 4.00057 -0.281224  
58.5907 4.00057 -0.273081  
60.2872 4.00057 -0.265396  
62.1093 4.00057 -0.25761  
63.9314 4.00057 -0.250268  
65.8164 4.00057 -0.243101  
67.7642 4.00057 -0.236113  
69.7748 4.00057 -0.229309  
71.7854 4.00057 -0.222887  
73.9217 4.00057 -0.216445  
76.1208 4.00057 -0.210192  
78.3827 4.00057 -0.204127  
80.6447 4.00057 -0.198401  
83.0323 4.00057 -0.192696  
85.4827 4.00057 -0.187172  
88.0588 4.00057 -0.181697  
90.6349 4.00057 -0.176532  
93.2739 4.00057 -0.171538  
96.0385 4.00057 -0.1666  
98.8659 4.00057 -0.161835  
101.819 4.00057 -0.157142  
104.835 4.00057 -0.152621  
107.914 4.00057 -0.148267  
111.118 4.00057 -0.143991  
114.385 4.00057 -0.139878  
117.715 4.00057 -0.135921  
121.234 4.00057 -0.131976  
124.815 4.00057 -0.128189  
128.46 4.00057 -0.124553  
132.292 4.00057 -0.120944  
136.188 4.00057 -0.117485  
140.209 4.00057 -0.114115  
144.356 4.00057 -0.110837  
148.566 4.00057 -0.107696  
152.964 4.00057 -0.1046  
157.488 4.00057 -0.101595  
162.138 4.00057 -0.0986816  
166.913 4.00057 -0.0958584  
171.877 4.00057 -0.0930901  
176.903 4.00057 -0.090445  
182.181 4.00057 -0.0878248  
187.522 4.00057 -0.0853235  
193.051 4.00057 -0.0828797  
198.769 4.00057 -0.0804956  
204.612 4.00057 -0.0781968  
210.644 4.00057 -0.0759576  
216.864 4.00057 -0.0737789  
223.273 4.00057 -0.0716612  
229.87 4.00057 -0.0696045  
236.656 4.00057 -0.0676086  
243.631 4.00057 -0.0656732  
250.856 4.00057 -0.0637816  
258.27 4.00057 -0.0619506  
265.873 4.00057 -0.0601791  
273.727 4.00057 -0.0584524  
281.832 4.00057 -0.0567714  
290.126 4.00057 -0.0551484  
298.671 4.00057 -0.0535706  
307.531 4.00057 -0.0520274  
316.578 4.00057 -0.0505404  
325.94 4.00057 -0.0490888  
335.554 4.00057 -0.0476824  
345.481 4.00057 -0.0463122  
355.66 4.00057 -0.0449868  
366.153 4.00057 -0.0436976  
376.96 4.00057 -0.0424449  
