# Status file for ctqmc. Used to save all times t_s, t_e.
2
47
0.8559228432826813 0.7245946047264344 0 0
1.785739098253428 0.9368827552267398 0 0
4.225170307536293 4.016692418140488 0 0
4.391285468246001 4.297279101347776 0 0
7.525311502881864 6.590002467534379 0 0
9.967861476696914 9.911842100936637 0 0
15.94165958011196 11.10635101202463 0 0
16.79844149741456 16.44364912593467 0 0
17.78664214073864 17.60851104287622 0 0
18.47050088305997 18.04182869360787 0 0
18.98864696775182 18.62967006119861 0 0
19.31589857379436 19.29349643669639 0 0
19.41134451805337 19.38637673495628 0 0
24.27397585042247 20.27423518263557 0 0
26.42187823852028 24.9968168594297 0 0
26.45248286098561 26.44405713827924 0 0
28.99716599444844 27.3951720528194 0 0
29.26530181988434 29.2503299283728 0 0
29.93083945341858 29.29579493638482 0 0
30.85357173624883 30.21018151195162 0 0
37.90064954092718 31.19821799923839 0 0
39.24563546907918 37.98626177933728 0 0
43.45067279314021 39.65575000670918 0 0
43.74804871503066 43.54710718120383 0 0
44.19791280556877 44.07552836059973 0 0
47.25925274561045 45.1407606104944 0 0
48.24532343835717 48.01584451399413 0 0
49.18553528334332 48.9065963615631 0 0
54.67109023239095 49.2918786986523 0 0
62.78998605978768 54.67514837742041 0 0
63.55960299135413 63.53947267676062 0 0
65.31157923936522 64.47539482832444 0 0
66.14881845163653 65.50894783621861 0 0
66.76774352272597 66.44832821091534 0 0
67.13715595444452 66.84749221901197 0 0
69.00154081621503 67.44550352848344 0 0
69.25362143113287 69.0717166645972 0 0
69.49620937869429 69.44173582597467 0 0
81.36155385539638 69.73828359677756 0 0
81.5898972969068 81.5070445578765 0 0
84.15013697536665 81.5964622992102 0 0
88.89689980989894 84.23282175303282 0 0
89.45756360101048 89.1131688743902 0 0
89.821601627202 89.59520668211681 0 0
91.90000950001399 91.74959846808599 0 0
92.85001478237147 92.56839851645921 0 0
95.54779903138927 95.3518168462696 0 0
48
0.7324617742859066 2.448761220724071 0 0
3.517855560473043 3.648328180345314 0 0
3.826057086508098 4.508789381339563 0 0
5.423634471450276 5.659061608278973 0 0
6.634727161910384 7.05251420572308 0 0
11.35954888082569 12.15644848241569 0 0
12.28346120753647 12.62841003113171 0 0
12.64610504581071 12.73044350611938 0 0
12.97334296515496 13.79577870462103 0 0
13.83880815912066 15.69331424579712 0 0
16.20383898039831 16.89199783068645 0 0
17.8807361841838 18.91635120160607 0 0
19.85436402913856 24.23989630198162 0 0
24.41395769049559 24.69828724516571 0 0
24.87820121578288 26.44497055153532 0 0
26.84026103201447 26.86065368762008 0 0
27.11112182910938 28.84882643518184 0 0
28.86591443057874 33.77978093195491 0 0
33.78261156867312 34.39294130488036 0 0
34.51294561121676 37.39183113358867 0 0
37.49918626801496 39.22766138250904 0 0
39.76864065421349 40.96088183871663 0 0
41.3910188880301 42.04188351936968 0 0
42.08220916296235 42.69731728655907 0 0
42.78643639983056 44.25443614093496 0 0
45.54178768574483 47.30004034119953 0 0
47.74149903484553 48.43785483578517 0 0
48.73322690270404 49.83767498340394 0 0
49.84285331820223 54.89752897596004 0 0
55.23013060384637 55.554632899532 0 0
55.964188451415 57.8962341539226 0 0
58.09177391236658 60.34463742398793 0 0
60.87902297440694 63.13920159878898 0 0
64.43360181114991 65.95384397131312 0 0
65.97863007970706 66.20426686101018 0 0
66.24536007691893 67.70358125741063 0 0
68.22464476099329 68.7363546044113 0 0
68.85552679740471 69.15671857588778 0 0
69.24211196988044 71.55879048640978 0 0
71.64095780075213 72.31409921320063 0 0
72.5000751273209 73.51866704778477 0 0
73.74092425204434 75.15165285662955 0 0
76.00765493362074 76.82896690029605 0 0
77.03860592061582 81.7469194934133 0 0
81.88346597519329 82.93250339073437 0 0
83.09348674657365 89.78542736653394 0 0
90.05882733272534 90.202309933009 0 0
91.13399466498204 91.15552014967572 0 0
