# Status file for ctqmc. Used to save all times t_s, t_e.
2
62
7.839682374921833 8.026049054495111 0 0
8.3204376678983 8.387146543276014 0 0
8.577067052903505 8.947120834187668 0 0
11.65234168396939 11.89591699932523 0 0
12.33697229092099 12.3628807784216 0 0
12.38988069231913 13.0653220593653 0 0
15.18836487809521 15.35540086700103 0 0
16.34350494585169 16.40677312215296 0 0
19.27770515239354 19.37717229524637 0 0
22.25171168588286 22.33966852355746 0 0
28.39448803495559 28.40000957994721 0 0
29.10590081155275 29.55907813699602 0 0
30.88665329638821 31.01209792559471 0 0
32.00185174438715 32.33597382648927 0 0
32.70401755568433 33.06843230783717 0 0
33.24102879050302 33.55115823506544 0 0
33.55649891966771 33.92622853531736 0 0
35.20485813721631 35.32824095089942 0 0
35.33086150016353 35.52066075814671 0 0
35.97308867510813 37.53736035524215 0 0
37.9158848961473 39.90228102405927 0 0
39.93777242187321 40.19998258615418 0 0
41.89120285498196 42.13090589432629 0 0
42.22998406780885 43.83564844181788 0 0
44.73960960904506 44.82117687219242 0 0
45.15764177995452 46.18541115100071 0 0
46.61295191678469 47.13724556862394 0 0
47.23552644445676 49.92407051895362 0 0
50.02280825715865 52.96330337405315 0 0
56.14799888122169 56.18306393986983 0 0
57.033347747626 57.05603447012471 0 0
59.6305420250085 59.63573870889167 0 0
59.70365036678681 60.07061488415278 0 0
60.66452620524669 60.77645374510207 0 0
61.13465478795965 61.34258049740464 0 0
61.80535003511582 61.82175051263873 0 0
61.94688823389669 62.2462567502423 0 0
62.37078582753128 63.15164268328775 0 0
63.15642304274648 63.58237200232666 0 0
63.79773189379482 64.20397217299181 0 0
64.799788313774 64.94786743340096 0 0
64.9526732752263 65.87274277149621 0 0
66.21417986192218 67.57271179000064 0 0
67.90476615350337 68.49473067894425 0 0
68.57499944093121 69.24469768562423 0 0
69.47214713132129 71.32730336724615 0 0
71.53848213882317 71.79452660166243 0 0
71.92834763364939 72.91246620524458 0 0
73.25422667821745 73.64953861644112 0 0
74.73571917598838 74.74319114709856 0 0
75.07305216084934 75.7745066469293 0 0
81.38369695702774 81.5843507665637 0 0
81.85872092292938 84.89890675743615 0 0
84.97818700955683 85.53106825161636 0 0
85.69314432674189 87.39371340629199 0 0
87.82722993318872 88.45828002862909 0 0
88.48224795718569 88.53578382093542 0 0
88.57058050795612 88.87438016786182 0 0
89.62050574263709 89.63343745790417 0 0
92.91161461395102 92.92578765143004 0 0
96.82526915318672 96.85065850468747 0 0
96.90654460998509 97.77421026940543 0 0
64
0.7137067701578083 0.5181128993339996 0 0
1.277101208874854 1.213373054071155 0 0
4.87671080365099 4.827170894911925 0 0
5.022672707418216 5.008876113549028 0 0
8.094919562879108 7.500239631204465 0 0
12.0466312334807 11.88032883857524 0 0
13.07632817433965 12.19498134852302 0 0
15.33822374940086 15.12417864335905 0 0
23.46085174360503 23.42820108718886 0 0
25.93368510548846 25.5596167786348 0 0
26.52146742014165 26.35968845430124 0 0
27.03657899490437 26.77685384797422 0 0
28.45374087034926 28.27176172108865 0 0
29.45932895773829 29.01086252500223 0 0
32.28831225299224 31.91015562818055 0 0
33.23109047755668 32.57369724309108 0 0
34.23007061977901 33.29936449431932 0 0
35.42635575774347 35.22941380819289 0 0
35.72043160084215 35.57832049536817 0 0
36.28381007436639 36.16885376567496 0 0
37.75316377475051 36.370668374961 0 0
38.54526141440213 37.99796979158805 0 0
39.82166232964246 38.59387950212442 0 0
41.05607587488624 41.02196398726792 0 0
42.64928296241615 41.63422884479765 0 0
43.61788236568763 42.66412874564752 0 0
44.45414595746427 44.34460097719814 0 0
45.18068812931892 45.10238656440363 0 0
45.23890804208865 45.2286999315345 0 0
47.18807235687949 45.32019588125908 0 0
49.72426826200434 47.48819947864007 0 0
51.13364958517886 49.81338192883756 0 0
51.73589308830758 51.32495136706878 0 0
52.41844598550237 51.85329959591459 0 0
52.92350509972785 52.72623221990382 0 0
53.23941537004711 53.0737240366071 0 0
55.27054632875551 54.90625112002445 0 0
58.23569074334527 58.15110089822557 0 0
59.13908248365358 58.97662265523072 0 0
60.95884621660149 60.86081085985362 0 0
62.49900696386087 62.32988729046949 0 0
64.3555599128169 62.99838157765223 0 0
68.68658742225797 64.63023511841556 0 0
69.53145451040903 69.03910170812937 0 0
70.12591429827945 69.58067289006947 0 0
70.6046079050999 70.22556028316932 0 0
71.19369908407531 70.69832801321618 0 0
71.5402885969287 71.47785870342915 0 0
72.95714757972591 72.07608751013359 0 0
73.66456874297866 73.20255396788198 0 0
76.11471572793587 75.10544115990014 0 0
77.0471085724382 76.81259309871207 0 0
78.37037707783981 78.29276783300757 0 0
80.53430755885022 80.36718030484823 0 0
81.59370910296673 81.48430976429306 0 0
85.33878567956728 81.80707847787561 0 0
85.54456516264662 85.49699870134933 0 0
87.24850171894967 85.6752420161877 0 0
87.43962822548545 87.25718095328739 0 0
88.91399155722519 87.73080862292481 0 0
93.98286332123111 93.93439024041584 0 0
95.54211592838386 95.50136838973448 0 0
96.60471943675961 96.41801916351143 0 0
97.812135731672 96.90914090664705 0 0
