# Status file for ctqmc. Used to save all times t_s, t_e.
2
47
1.346765100327104 1.356248258308953 0 0
1.37853464790006 1.436920176192671 0 0
2.607038170358341 2.749561307736736 0 0
6.311249198572481 6.331003879951413 0 0
6.606531991968046 6.670926446448969 0 0
6.851983781639336 7.276780892596976 0 0
8.397305564390495 8.488227637204435 0 0
13.6571431527757 14.22050298987394 0 0
14.72579667615235 16.9693569908561 0 0
22.99025896153255 24.03451624791035 0 0
24.25350327357211 24.63254869113308 0 0
24.73412904056569 25.05236828940087 0 0
26.67353690878958 26.93326240840863 0 0
27.11321569746712 27.62957674865538 0 0
28.42925090256178 30.63771346123622 0 0
30.63799753527672 30.85902032084366 0 0
31.43707798126317 32.06830084161393 0 0
32.59902036557406 32.76365474498818 0 0
32.80887578325336 33.10421945564437 0 0
34.00927524311555 34.12250825661989 0 0
34.46022072467704 34.49126448345987 0 0
35.41760313294968 35.44478785766489 0 0
35.65742445433089 35.8040526651612 0 0
39.12328168918035 39.46616651033911 0 0
39.46811953343801 39.58733964184294 0 0
45.92865021069783 46.30407658920902 0 0
51.18499934027631 51.23139632141612 0 0
55.47404847060748 55.666320550638 0 0
55.81455393393051 55.98629624719343 0 0
58.9098967990636 58.93100499107425 0 0
61.80458770126979 61.91441254162454 0 0
62.85226869728368 63.02575819853615 0 0
65.39474571566124 68.87417807584299 0 0
69.29677383471369 69.88835186504686 0 0
69.99565530250756 75.16863586199557 0 0
75.50577957453893 75.64516085571893 0 0
76.61848505127922 80.96682862328925 0 0
81.09167563697439 81.80772659608506 0 0
81.93735483135561 85.73871728289568 0 0
85.78194205293318 88.68996960063919 0 0
89.11785327748068 90.01388313857258 0 0
90.53835726935739 90.80574959835667 0 0
91.04051742026502 91.73897961120572 0 0
92.11647803232341 92.32617501103304 0 0
92.44429263621207 93.95360323538074 0 0
93.96280076295687 94.97346840114756 0 0
95.34605291168627 95.42697517196392 0 0
51
0.08215252365094727 0.5031421920123904 0 0
0.5331098528773741 1.043086025415588 0 0
1.417169758751584 2.406454781323463 0 0
3.183495347616086 5.886422097881441 0 0
5.918259274042397 7.933690055806572 0 0
8.100724403498782 8.149811211024815 0 0
8.174967666247598 8.316847470521935 0 0
8.463917284765854 8.556538237370939 0 0
8.728912659649566 8.762944488413952 0 0
8.811197488015617 13.22409653631942 0 0
13.49741285047832 13.74448636846935 0 0
14.05924725018756 14.12420530525728 0 0
17.10558317948826 23.01744459995007 0 0
25.95224645724812 26.34314362852196 0 0
26.7041011147851 28.24203161359877 0 0
29.45570319933439 31.80351681425414 0 0
31.89735580254048 32.38262192652987 0 0
33.01984476696371 38.44756564028347 0 0
38.54616206110262 38.58091638293839 0 0
38.59689036279523 39.08510899962606 0 0
39.51415227553126 40.5447004906121 0 0
40.56474779425032 42.41848987079003 0 0
43.25284709673463 45.43151034236256 0 0
45.55336921420852 46.00246007590734 0 0
46.11255160241017 55.68266825353254 0 0
56.01257558545215 57.9878225949325 0 0
58.05683790071693 59.44574545192531 0 0
59.6199160207836 59.72303551753516 0 0
60.07647565472637 64.33023582391586 0 0
64.33063937723009 66.14034912790979 0 0
68.75182315660328 69.27716429658493 0 0
69.8154480652771 70.00463220461101 0 0
70.88719201276234 70.92641000328427 0 0
71.85443849445527 71.86370674143842 0 0
71.86767962306952 72.01233821507884 0 0
74.46628594419806 74.50759658774169 0 0
74.56214131714727 74.94954534862858 0 0
75.06022262198864 76.86888053962646 0 0
77.02437765692255 77.03920168478611 0 0
77.44962584383512 77.46093512676941 0 0
78.63966899485183 78.74549771390198 0 0
79.56432241590782 79.70413733642697 0 0
82.67907313202885 82.79788361949586 0 0
84.66743309923007 84.72338537220213 0 0
85.29229237967864 85.49319289411005 0 0
87.91557894318417 88.09902842803314 0 0
90.29700001852407 90.70781583268278 0 0
94.35632709407207 94.54350055917585 0 0
95.04644979421681 96.46298928847243 0 0
96.53919307429794 99.42019029399695 0 0
99.53937536269443 99.88544224419789 0 0
