# Status file for ctqmc. Used to save all times t_s, t_e.
2
49
6.472036889551912 0.4406942804347104 0 0
10.56355382868394 6.522479699634575 0 0
13.76473642598253 10.70151235943363 0 0
15.47647958240082 13.91890573291445 0 0
17.20644731387286 15.79592719195602 0 0
20.57400525069852 17.55043791537746 0 0
20.81830056671584 20.66923399098327 0 0
21.72547120129378 20.98378712549433 0 0
24.63979503966583 24.49624966361891 0 0
25.2914655144717 25.2562963357064 0 0
27.24797246024112 27.03124348120702 0 0
27.59235000920117 27.45774112565265 0 0
29.63174826184767 29.04305928474169 0 0
33.49347916374978 31.14821841672443 0 0
35.3156061804517 33.57430728486091 0 0
35.70511713275398 35.47677207560766 0 0
37.33096601012591 35.83607303894356 0 0
40.36708485637472 37.39342112501892 0 0
44.52891918387514 40.54627677515331 0 0
45.36703419710253 45.20643503382037 0 0
45.80564823396197 45.54959433431521 0 0
46.18224106060025 46.06333473180248 0 0
50.03051309297613 46.2282617903066 0 0
50.62272436584138 50.1991943763058 0 0
51.18032053322267 51.11269562997806 0 0
52.59764069077848 51.65659425537272 0 0
56.97186777990624 52.74460868484383 0 0
64.09946730843009 57.30577306187004 0 0
68.27713604412219 68.02319319496291 0 0
68.87455999903283 68.53650987067596 0 0
69.26330459877055 69.20682898317678 0 0
69.45206576543977 69.4037952341518 0 0
77.21322149638772 73.02407941667809 0 0
78.9491475721595 77.22263890890784 0 0
79.20719132603803 79.1287630261518 0 0
81.99591889238356 80.83881162719602 0 0
84.81608987041162 82.05418857151588 0 0
86.6361285021293 86.54611301528681 0 0
86.65821406164601 86.64243654196959 0 0
87.81359152015786 87.6448092586017 0 0
89.24492066736225 88.92628916873858 0 0
90.93115779601014 89.46667188781484 0 0
91.03409321766439 90.98341847235754 0 0
91.52823567181096 91.41224667089396 0 0
94.0623594616255 91.68301056516013 0 0
94.75537603068392 94.28685574226672 0 0
95.83244123946993 95.04493876351577 0 0
97.50370644692366 95.98243612360612 0 0
99.44046901377547 99.0580593868191 0 0
50
0.1854086361620091 0.893261191434263 0 0
0.9111613292610912 1.703777674173798 0 0
1.705172956675949 3.802470104515284 0 0
4.543647904466479 14.99641439552557 0 0
15.25601276041259 15.48177905406272 0 0
15.56931919738691 16.10511745364166 0 0
17.64141579609257 18.0578603947303 0 0
18.31855771377565 19.50284676295201 0 0
19.90002975435203 21.28349932499468 0 0
21.46601501959997 21.72255675365957 0 0
23.98015769686802 24.19438203280857 0 0
25.16127479599338 25.68641234415834 0 0
26.76569882183642 26.80229271533559 0 0
26.85336102355714 27.23621870058361 0 0
28.52006932868219 29.73698201665613 0 0
31.05785958085348 31.8410927395058 0 0
31.88852428241291 33.83091216191654 0 0
34.01696960454727 36.82750691222045 0 0
36.91059119106242 37.54778448890546 0 0
37.65301319716313 39.10061871951016 0 0
39.47205645021182 40.23376614150343 0 0
40.62322404024653 41.02065179024743 0 0
41.02302318214062 43.44140235432175 0 0
43.61613532755187 44.25534213199542 0 0
45.91165988303913 46.08485835824396 0 0
46.19229114171255 48.07817071690302 0 0
48.46260760577395 51.22444907787067 0 0
51.50337686261408 55.89562848630463 0 0
55.93570131393574 57.2556298747692 0 0
57.33154722402736 59.193217753319 0 0
59.47298990595276 59.83302626346511 0 0
59.94532667428788 64.28375353588737 0 0
67.63435508320674 67.74768029514925 0 0
67.80714844722236 68.00747934855031 0 0
68.0229685481743 68.92497481298312 0 0
69.13980634088088 69.33386975521499 0 0
73.7078333297481 78.88724410626897 0 0
80.93491854151461 81.77700029964082 0 0
82.39055959969077 84.82771715414509 0 0
84.96920583562972 85.14598747046787 0 0
88.42217488502301 89.93554078139579 0 0
89.94875455488723 91.05575682360281 0 0
91.38299807491931 92.09512685025824 0 0
92.10848440219418 93.39326791692582 0 0
93.40804398401596 95.78854817543778 0 0
96.05442105099324 97.39164458056118 0 0
97.90028281400018 97.91182224805414 0 0
98.14675731196444 98.17787566453546 0 0
98.73653155600081 98.97889196952566 0 0
99.11881552463193 99.46956665742067 0 0
