# Status file for ctqmc. Used to save all times t_s, t_e.
2
44
0.06050913676405401 1.233548459312332 0 0
1.33762246509047 1.418485931033534 0 0
1.478131960318299 2.742257082248847 0 0
2.773325448237579 3.328588491311494 0 0
4.022324904163311 7.475079166540384 0 0
7.621599659147549 9.968616850034657 0 0
10.14317729040907 10.56260600759789 0 0
12.490324359445 12.50596725865355 0 0
12.98551170090914 13.07278621732939 0 0
13.26535134810626 13.64212027651543 0 0
13.65157080787712 13.80825948202328 0 0
14.60790800858703 18.54476008884042 0 0
18.59474300670984 18.78383869085653 0 0
18.7890615967642 22.96191486808041 0 0
25.45372071606899 25.47978550667976 0 0
28.6715071468984 28.83095906924381 0 0
28.84229119062335 29.01048263345672 0 0
29.19180395785157 29.51997408852462 0 0
31.00556109367108 31.04674649701188 0 0
32.01236826779503 32.75515857227099 0 0
33.90980350809173 33.98428664104205 0 0
34.57187107293799 34.62401973467759 0 0
34.83862774117267 36.68931071312332 0 0
36.69316210152375 39.13926212817169 0 0
39.39729977178098 47.09638497519104 0 0
47.25218266981573 47.81352095559308 0 0
48.78472278359461 49.6786689449491 0 0
49.72524544229312 52.29771946790173 0 0
52.42267703874673 52.82491026086858 0 0
52.82553764245356 55.27902925497506 0 0
55.54330165245947 55.66777079888782 0 0
61.3143698772457 61.49476513965988 0 0
61.99089791902161 65.40958134358175 0 0
67.88953525521082 68.00158106027818 0 0
68.67843689569212 71.45905759161178 0 0
71.48568730161506 73.9616352731237 0 0
74.04260973826445 81.37438133644957 0 0
81.97391471866347 84.09968882388647 0 0
92.65843666695376 92.85271967334674 0 0
92.89265918240437 93.03383994570981 0 0
93.43337545773734 93.684533152626 0 0
93.94165975226326 94.40936257936208 0 0
95.23864065357816 95.30010659929275 0 0
97.50994695623618 99.92240684258367 0 0
57
0.3244612950900034 0.366339095511225 0 0
1.025822808646882 1.092045755083185 0 0
1.288163466772668 1.341196534895764 0 0
2.180186369220626 2.391293544435547 0 0
3.877441980720289 3.944668678799551 0 0
6.209411650561744 6.295330981898701 0 0
7.283392148081816 7.294564687898503 0 0
10.74165803164667 12.85888336669905 0 0
13.06011395385574 13.31708731922109 0 0
13.93540667785241 14.21014283737981 0 0
16.45218871354113 16.83384591489597 0 0
19.2030829077781 19.31219098367686 0 0
19.42998749781092 19.63651447848628 0 0
21.45394063405221 21.77139650639003 0 0
22.14812634053447 22.16970807764086 0 0
22.74025152146599 22.74438418320302 0 0
23.13389544007929 23.92771477193626 0 0
24.06408505296283 24.58109940186056 0 0
25.02749258020613 26.44560161496975 0 0
26.70247644496102 28.39765795578558 0 0
28.4493635488442 28.72648861193083 0 0
30.07218285652285 31.97224117287237 0 0
33.06041838866956 34.18420097414549 0 0
34.33192026836338 34.93467374055039 0 0
35.44790773113044 35.46489541288425 0 0
35.65036371893705 35.8434203617653 0 0
36.72838889760871 36.82537255442797 0 0
46.61794478027323 46.92372643952273 0 0
47.34609797203923 48.18268476984836 0 0
48.39299915531305 48.41117642097402 0 0
48.4543687457905 48.58784705142092 0 0
49.25837190513742 49.36239613398506 0 0
54.95452728375428 55.17798298250036 0 0
55.42526240251764 55.65450022219802 0 0
55.73297633741693 56.54539583687983 0 0
57.4213470801055 58.03146165004166 0 0
58.39072900499716 58.42370599314208 0 0
58.99654934384237 61.14946549471905 0 0
61.43234910125378 62.02385164257942 0 0
65.52438437208154 65.81778774937003 0 0
65.83480546759471 68.7667393403806 0 0
68.85819852254622 68.97244843753299 0 0
69.36689630468702 69.69793518497711 0 0
71.00898021337586 71.0195514158607 0 0
72.26712826714994 72.29493348469457 0 0
74.70533339047969 75.14824441893521 0 0
79.40082484701604 79.41490674502623 0 0
80.26870650140773 80.3964557168465 0 0
80.82238749193111 82.31356164832982 0 0
84.18848856643021 85.48604333557326 0 0
85.48932813985974 90.13120669600913 0 0
90.64622283860916 94.10390252119744 0 0
95.77294929290099 96.59363546331481 0 0
96.61832255753778 96.72095251605869 0 0
96.76462035412465 97.04091287259381 0 0
97.9119827000459 98.03836956696857 0 0
99.56252805531345 99.63495822669984 0 0
