# Status file for ctqmc. Used to save all times t_s, t_e.
2
38
0.1357770518828971 0.2937462072249494 0 0
6.474694336150046 7.033171672537221 0 0
7.827123318725657 10.80286640972675 0 0
10.97258006151219 15.58507788879833 0 0
15.62005664813306 16.34441451629045 0 0
16.89909171736974 17.46684693568311 0 0
17.5731388372332 22.22053838933209 0 0
22.62913705847112 23.41371469403105 0 0
23.55717415195277 28.22063805941308 0 0
28.80936445241697 30.92123990428391 0 0
33.21849532813181 33.3995937244458 0 0
35.64085987336249 35.65427545077974 0 0
37.40504045282583 37.61882527480272 0 0
40.76221579619619 41.11662785902364 0 0
41.8798994145052 41.88940971411638 0 0
45.17070187095013 45.67262250915429 0 0
46.65026166017646 47.72903706640614 0 0
47.93832446156132 49.79940322830831 0 0
49.98955738417887 50.13944076254995 0 0
50.20796566638382 53.44318315884456 0 0
53.58948236951335 54.28560907446689 0 0
54.58710006558135 57.43648350329533 0 0
57.7748730698338 66.45687755985864 0 0
66.66719480200172 66.90894936096993 0 0
67.33641045329077 67.37139450299135 0 0
68.17411262140006 69.88592000712849 0 0
69.94014779628486 70.22105635990771 0 0
70.45469836289894 71.10960364057993 0 0
72.67256898839203 76.22578173901771 0 0
81.30841420666229 81.4860481333758 0 0
84.58838430468586 84.71429337939836 0 0
87.63690942340887 87.67357499264916 0 0
87.68160397994399 91.79301626761885 0 0
92.12127450311471 92.26404975887057 0 0
93.471985032616 93.75486862991183 0 0
94.43472081562015 95.05328922698016 0 0
95.62819126523871 97.46873107474954 0 0
98.45366465271761 98.48302805262553 0 0
39
2.636267934506442 2.570242785948231 0 0
10.62569820193935 8.082152105004109 0 0
19.27120066732291 10.64705585680768 0 0
22.6528911432516 19.43854083658812 0 0
23.50221027603368 22.76889523044235 0 0
26.94706289839487 23.58969851823863 0 0
27.8352000251682 27.12451363884527 0 0
30.56073801573178 28.70626555889861 0 0
31.83925694120823 30.72458882572048 0 0
32.24209134577813 32.13660632132244 0 0
39.61932538767425 39.60431975722478 0 0
40.59496101055507 40.36394044026365 0 0
42.64128564798571 42.63024068269024 0 0
44.01863057747596 43.65723242446988 0 0
45.39433649892821 45.38497728945246 0 0
47.46388283990436 46.1441639524777 0 0
49.55196001242224 47.93894447126068 0 0
49.87924645417133 49.61317618784384 0 0
55.55193448477335 50.19136207022786 0 0
59.35326757240431 55.71620945657295 0 0
66.33445821608903 59.38863249485701 0 0
66.84941214258185 66.67168317416585 0 0
67.15248956687022 67.03703392551222 0 0
68.62915415635214 68.11329417272862 0 0
69.92909514507562 68.88460797614974 0 0
70.26875492116399 69.9581759644651 0 0
71.1367457198904 70.32517453339005 0 0
74.03355831582793 72.92613464596198 0 0
74.54260629138324 74.03902644292509 0 0
74.79868408429085 74.68474782295097 0 0
76.11576801440215 74.89051753465094 0 0
80.33654093834463 80.26029889122823 0 0
81.99208148797396 81.87161854685463 0 0
90.26133491342451 87.59411597647669 0 0
91.67183820248451 90.35034330612426 0 0
92.61945834495357 92.4974418068003 0 0
94.8602717200671 94.04252896867264 0 0
95.43789701271837 95.4214118053124 0 0
97.9388469575739 95.67732041478602 0 0
