# Status file for ctqmc. Used to save all times t_s, t_e.
2
50
1.098784540849853 1.064900635883189 0 0
1.18781514356987 1.165433020373414 0 0
10.77711206144193 2.809176511864139 0 0
14.57773369783583 13.8888605284436 0 0
16.08539071299131 15.5303630663052 0 0
16.48413610123019 16.42663803404195 0 0
16.69354027946937 16.63702078234524 0 0
17.60863533757194 17.35350980755046 0 0
23.81679245964642 19.68012590385971 0 0
25.73194401824308 23.82292376359876 0 0
25.78542138679068 25.75521390366928 0 0
30.73384339656636 30.47187798292249 0 0
32.27050218775646 32.21790280766871 0 0
33.40276661597659 33.29806834033787 0 0
34.62535228077034 34.62061029489663 0 0
40.32389523509654 38.19165472230749 0 0
42.74003825337445 41.46492450755461 0 0
43.46018309753728 42.95688146096124 0 0
44.88323457032845 43.59480576065486 0 0
45.73786781305451 45.62472594569519 0 0
49.61572492665103 49.11447373348771 0 0
51.8323767315695 51.08076826284305 0 0
51.89345509869515 51.88246287208105 0 0
53.55031320525823 53.49085826918477 0 0
53.90254630065683 53.82254859427589 0 0
56.52975520766764 55.64715292387926 0 0
57.4588774546008 57.32695757295185 0 0
57.89829625258192 57.73918999709949 0 0
58.92876445551899 58.5820222594485 0 0
59.74106602186122 59.74081430060251 0 0
60.24770474136883 60.16001283138525 0 0
61.1716112520047 61.01820958932369 0 0
61.9302311694468 61.88500820132312 0 0
62.72945057249302 62.67463130448578 0 0
66.62530459120801 65.69179514973514 0 0
67.01050170583478 66.74419394498987 0 0
69.35643447666889 67.04186914858784 0 0
71.21783991900628 69.37289682945249 0 0
73.5219402136107 71.23880996262606 0 0
75.50331623729332 73.73920614116584 0 0
78.27357311525125 75.5986842213678 0 0
83.51596823266122 78.47391030487471 0 0
89.3356976586128 89.00735197862298 0 0
92.02426867216901 91.79360846157287 0 0
92.24477080047166 92.03306631761744 0 0
92.61349977704712 92.61276898507714 0 0
94.04979302514418 92.65739959211513 0 0
96.10100629808933 95.18044434293107 0 0
96.90063849353719 96.11459454016547 0 0
99.58343081416724 97.57189875955567 0 0
43
2.70327583315544 11.31085514977325 0 0
12.45670805939933 12.5311409973894 0 0
14.72430334005395 15.15134964616097 0 0
15.40783733565875 16.21225742879261 0 0
17.06616028233475 17.27482978770151 0 0
17.39871276719256 17.84740790116447 0 0
18.75203523321133 18.77485734178542 0 0
19.26021672100402 19.59713796950641 0 0
19.66363548675632 24.11370476614831 0 0
24.51074971626648 24.97421278362944 0 0
32.4074251755757 32.47791000234599 0 0
33.53258754376808 33.6196101739318 0 0
33.77682294674541 33.8932942133318 0 0
34.82121884122763 34.82276683603654 0 0
35.91110861018532 35.96271735037682 0 0
37.87267896039069 38.02253880102045 0 0
38.16911401069665 40.52608035060539 0 0
40.83404742635521 42.75786868006352 0 0
42.92796658704392 43.01225983591898 0 0
43.24260203451097 43.52896844108917 0 0
43.76866966431338 45.60563072132739 0 0
48.85124725953538 49.51770273399485 0 0
50.99727406061663 51.78213294290536 0 0
54.02916748912138 54.07950042078764 0 0
55.883411832829 56.01186629256188 0 0
56.07191109364218 56.4741960662617 0 0
56.79508008311858 56.85156013857527 0 0
57.90972034180017 57.91848663433186 0 0
58.48808054282221 59.12398973435925 0 0
63.96630417935328 64.07091135651523 0 0
65.36213093011598 66.40222761521578 0 0
66.44876272472365 66.66383643034685 0 0
66.67574312245029 71.21859937514091 0 0
71.29120836245684 75.294366052543 0 0
75.4467212997962 79.39810655084369 0 0
79.71589143098969 84.14315579599888 0 0
84.95074977229221 85.46587766084399 0 0
91.79269562743464 92.32445980890435 0 0
92.42011731385344 92.45084704051146 0 0
93.02169951922475 93.70025151678462 0 0
94.07664330370243 94.31781362592027 0 0
95.44068863858924 96.73734945579453 0 0
97.27303454441139 98.9821227737978 0 0
