# Status file for ctqmc. Used to save all times t_s, t_e.
2
50
0.4103118556988221 0.6819363470496769 0 0
1.114465158718547 5.040510421759445 0 0
9.686664891071786 10.0393606812636 0 0
10.87280804217921 10.92969628776716 0 0
11.11062489538525 11.52129030321595 0 0
11.56099729718796 11.57361268779446 0 0
13.01558661451722 13.15322236891542 0 0
14.7727647798054 14.92432251104343 0 0
16.12989791321217 16.34520466344404 0 0
17.32849249416977 17.33419850991951 0 0
21.55726426583449 21.74994610253095 0 0
26.29373810113907 26.31221982629031 0 0
26.52757811775472 26.52924634389826 0 0
27.09250093153375 27.50887663173929 0 0
31.86433116377903 32.00312758049404 0 0
36.82700334413406 36.83231843486737 0 0
37.15756316535271 37.18897493475395 0 0
37.67274480542076 37.68874650786386 0 0
38.66858317050181 41.44373058566989 0 0
46.15234436451771 46.48883316984858 0 0
47.34915628947817 47.62246916221299 0 0
50.01494394908018 50.22405690086413 0 0
50.63716407120687 50.90658656674348 0 0
52.49898959441953 52.96817506596871 0 0
54.52864717852137 54.59164968705325 0 0
55.14457888085382 55.33310364289166 0 0
55.74164207141023 57.84018124904641 0 0
57.92956472976874 58.64713936593758 0 0
58.70428525526204 59.20369709443976 0 0
59.49189870100701 59.5506401644807 0 0
59.6474847366112 60.33731020062056 0 0
60.443422316381 60.50962652241642 0 0
61.33380421197232 62.55965735882123 0 0
62.5615318668508 64.62058465588241 0 0
64.6757385270466 67.29574071903673 0 0
67.45467978118317 67.56644800593413 0 0
67.86060603198621 68.38732869069034 0 0
68.41603935406445 70.51786367688581 0 0
70.65268379552622 70.91805903843351 0 0
71.25313920020506 72.52702648085784 0 0
73.02896623080827 73.17016079627439 0 0
73.48508774437563 73.65762941434777 0 0
74.96510915785677 75.2376135056372 0 0
79.54219578902668 85.07051581408342 0 0
85.09299713750839 87.1233624178691 0 0
88.23339353125594 88.29994019947793 0 0
88.34268897509772 88.59666816478416 0 0
90.16049724766592 93.45792850467855 0 0
93.48553540703011 93.61715259102286 0 0
93.71659906201775 94.00865987946769 0 0
50
4.155265563862272 1.837465046617967 0 0
5.398676606739429 4.309006938379339 0 0
6.109459121193794 5.975125401258439 0 0
8.309793891515298 7.891781767307991 0 0
9.150042507973701 9.001951717208286 0 0
9.350804873213182 9.322999435623313 0 0
9.580943675405713 9.408477230911993 0 0
9.96251411265261 9.653403387128215 0 0
11.35860757358839 11.25698740694399 0 0
11.72828187201636 11.46700986034121 0 0
12.19644975450992 12.18558233131085 0 0
15.47674895002735 15.42416013436066 0 0
17.17510461422225 17.05811814834227 0 0
19.03011042872096 18.83335476602858 0 0
19.90065934320263 19.79520694783805 0 0
20.02544207307626 19.90488085167346 0 0
21.74383769880285 21.30267450246306 0 0
26.10016184648787 26.07286398117338 0 0
26.26953591187783 26.25527494726844 0 0
26.69564070342016 26.63102423502149 0 0
27.46407916065224 27.10686284115962 0 0
29.21011565541949 29.11511167803141 0 0
35.18744034813561 35.16034235157709 0 0
36.92178104745828 36.79549164062178 0 0
38.66798854630437 38.44653585043616 0 0
40.9411642539009 38.77773923232824 0 0
47.9674838096895 46.11193729475959 0 0
53.05328706652397 52.58757761427836 0 0
53.14352408024032 53.08647584817881 0 0
60.47216096318351 55.14003409665365 0 0
64.01662079881959 61.3256256470092 0 0
66.89913092091376 64.09462433379549 0 0
67.34366400753032 67.04136254565384 0 0
68.13250753742768 67.39218445422334 0 0
71.76797922353416 68.3387193103115 0 0
72.9204176605347 72.0110876523518 0 0
73.57083713233507 73.22575488018056 0 0
75.96188031038955 75.93487535650556 0 0
76.03450336752097 75.9683282505861 0 0
76.60071261786055 76.50181745549136 0 0
79.19369070053284 79.17012193936959 0 0
80.52292734942583 79.39466297237777 0 0
87.34047671926804 81.24601981587115 0 0
88.15884553964678 87.76919049261721 0 0
88.45957803492077 88.32369115224625 0 0
89.32807431660859 89.2944092892423 0 0
94.26501451267922 90.2503150298994 0 0
94.84122034468091 94.29083909295444 0 0
96.80299495415649 96.60827707575083 0 0
99.97820934824706 99.96504641329703 0 0
