# Status file for ctqmc. Used to save all times t_s, t_e.
2
47
0.267967384731719 0.3525605548325217 0 0
0.3876000850416261 2.144319524321521 0 0
2.424341136605474 5.045963775807785 0 0
7.429668000143407 7.56619594348077 0 0
8.838811117416661 9.072002952782945 0 0
12.83279118731764 15.49067720576616 0 0
15.62760337883526 15.83896917123132 0 0
16.66082383488182 16.94646235609856 0 0
17.15732247605914 17.58880307360621 0 0
18.17817318975378 18.25715270444558 0 0
19.69451515966846 20.11616253844191 0 0
20.22375505739288 20.76336003137435 0 0
21.02562519435833 21.83873841255397 0 0
21.99893780670314 22.16740154104236 0 0
29.83435735575104 30.14338906019477 0 0
32.75270152641544 33.11926376774785 0 0
39.74970796786307 39.99841943175924 0 0
43.29014754739288 45.35444489637301 0 0
46.26125553299953 46.55994516911102 0 0
47.52838568207119 49.23761275215137 0 0
49.43843622879054 55.35402135263692 0 0
55.47316165555441 58.07189297076946 0 0
58.15788250290028 59.9310233079806 0 0
59.9607325371651 62.8198896701626 0 0
63.3421661282812 63.87467710267144 0 0
64.36703312539301 64.37594178962298 0 0
67.41842913949318 67.63941084893806 0 0
67.66354918357004 67.79807960672794 0 0
72.63900572941419 73.36846532229606 0 0
76.98066091934729 77.22678979236741 0 0
77.24194693458587 77.38438148340958 0 0
78.72804085447365 79.29388271305297 0 0
81.86215952042433 82.41810563261406 0 0
85.61694058047375 85.6426750655769 0 0
86.10890321652816 86.12619198345496 0 0
87.45362164323055 87.45634471456481 0 0
87.84910663853134 88.09428542318874 0 0
88.19084599510497 88.88755680828535 0 0
88.95444888329266 89.31698904021945 0 0
89.55873968957101 91.87743702382733 0 0
92.07317258162405 94.20705848387757 0 0
94.27018911171562 95.22931124278001 0 0
95.9312678617671 96.04391128888969 0 0
96.73481526506126 96.92539816869545 0 0
96.93652646740847 97.23407260071842 0 0
97.38440368609965 97.43133432894059 0 0
97.86537113100698 99.31237624214648 0 0
53
3.187672998589781 3.236031260083856 0 0
4.993513056866584 6.863619022292907 0 0
6.875675227701549 10.38387887912413 0 0
10.70567532260637 12.80807640116017 0 0
13.56549683591214 13.56673780283725 0 0
14.88944900451711 14.99980515769091 0 0
15.48504328590537 15.60053814484554 0 0
18.27625145484134 18.48164037060677 0 0
18.59181004394926 19.74391606234081 0 0
21.68851041493905 22.13638507133613 0 0
22.23410575150012 25.35580416187107 0 0
25.363992082686 26.51706784294966 0 0
26.60272226217272 28.13126898634314 0 0
28.57107720180961 31.93571314970956 0 0
32.09393115114967 32.13553421630197 0 0
32.40073087923196 36.08414262873929 0 0
36.1362134536844 41.36491988814812 0 0
41.481940076173 42.17235916340166 0 0
42.45914681991333 42.46017027679624 0 0
42.47195600392345 43.22480976432043 0 0
43.35114277045997 43.46864614629287 0 0
43.61514524201462 43.79562448349724 0 0
44.99444213751003 45.96852249225819 0 0
47.38051415231401 48.15173722539494 0 0
48.82658716172352 48.97354365323526 0 0
49.50753849922632 49.63377904839044 0 0
52.50884145142191 52.56774877655984 0 0
52.59636168879483 52.79094823046703 0 0
55.25935348954084 55.52201147734615 0 0
55.75130961526236 56.00417731926471 0 0
56.05080652317783 56.11242156153904 0 0
58.04674948524908 58.46255044461427 0 0
61.87912612322957 62.17594574428889 0 0
62.73047616484448 63.09223499745813 0 0
63.78334758550834 64.20807701524792 0 0
64.35519730915354 64.50142765254576 0 0
64.53255470966413 64.74627639698252 0 0
64.75225491037099 67.41583103834891 0 0
68.17243940172493 71.97271858600115 0 0
72.01884340769335 72.29220411081472 0 0
72.61777932686221 73.36310997588873 0 0
73.59152785359431 77.75934562616415 0 0
77.78570355263913 78.74179107960038 0 0
79.22450612038659 80.28465818382301 0 0
80.34176924762735 87.68214175341025 0 0
88.16712394219681 88.56992660469314 0 0
88.58135445026569 88.85308986745613 0 0
89.63947080292411 89.80593505191034 0 0
93.04581353262319 93.2626657011525 0 0
95.53450118011172 96.67342815059079 0 0
96.82885809920164 98.29296266128354 0 0
99.0620526008083 99.22884086433152 0 0
99.41906048059141 99.8045427354142 0 0
