# Status file for ctqmc. Used to save all times t_s, t_e.
2
42
9.073143085159018 9.175852511462885 0 0
9.685017236081373 10.01240304989978 0 0
10.14282361977726 10.15810552675399 0 0
11.42596625934981 17.80506633396224 0 0
17.90368381232085 19.60074996166688 0 0
20.36559434628861 20.69720102271238 0 0
20.93345939355364 21.02453967478431 0 0
21.62351519203151 36.60556457037858 0 0
36.71604048804831 36.96034821543483 0 0
37.00628236777064 37.53005942662969 0 0
37.6496712132782 40.46345151724006 0 0
40.69511763958003 40.8007943604225 0 0
41.15725631826226 41.62726994125397 0 0
44.15897261224868 44.50632407729407 0 0
44.97912580249834 44.98343041380981 0 0
44.98780453169821 45.23362551696056 0 0
45.49376757693778 46.07157480963374 0 0
46.34870195187057 47.00709685657669 0 0
49.74982680985865 50.44637589445038 0 0
50.72352729044298 51.01573376635358 0 0
51.83035073175125 51.94023422985742 0 0
53.32785696223722 58.57825477909924 0 0
60.893535868788 61.16662255458245 0 0
61.36871140430654 61.40079290501383 0 0
62.48470036297769 65.07928648203199 0 0
65.50257351442569 65.60873702623142 0 0
65.88396377121245 68.54080981081141 0 0
68.77240015658728 70.13277185004354 0 0
70.1614925804117 70.61186920241674 0 0
70.63011680750128 70.74251464504199 0 0
72.23911393320806 72.35391864399284 0 0
72.7097494223712 73.0568262955575 0 0
73.47544562843457 76.38587268823575 0 0
76.6500865511962 78.80808906906505 0 0
79.08471991156024 81.6450631893232 0 0
82.73550362391504 82.87201629012641 0 0
84.40754746861519 85.03586252588545 0 0
85.20698677066771 87.01109637090583 0 0
88.56951916531467 94.07252614713661 0 0
95.08595254883024 95.50345618824326 0 0
95.8327412905666 99.13616613935388 0 0
99.17414882596924 99.85918209336779 0 0
47
2.576179435397167 1.816535493196784 0 0
7.963136146400945 7.944735263417448 0 0
9.743575128344341 9.381630469489275 0 0
10.44842068662961 10.37834023585523 0 0
11.26266805737224 10.79435825012406 0 0
19.43702304288841 11.55169883807474 0 0
20.61794528463039 20.56765974948564 0 0
20.7529847481235 20.70527123943014 0 0
29.83010746894389 21.5586982971594 0 0
34.29880898917797 29.8374709721889 0 0
34.99594856984498 34.5185453841255 0 0
36.40414300099079 35.023455552454 0 0
41.11006708670504 36.80992050033767 0 0
41.52200208743584 41.49417210704296 0 0
44.11734640460544 43.97178479514123 0 0
44.38304282056264 44.24590411663686 0 0
45.01000201199544 44.78086285368303 0 0
45.91105553305199 45.35821310439315 0 0
51.4339051869341 49.38749374969234 0 0
54.51673720816844 53.89552929831997 0 0
54.87084240449595 54.81264892913823 0 0
58.67051694980809 54.93299691650559 0 0
60.7776704106333 60.74339523697604 0 0
60.81363414190679 60.78012039084572 0 0
61.19783358365891 60.93925484030372 0 0
65.19736646263307 61.93644765941176 0 0
67.11504328306543 65.85220209393324 0 0
68.89294174305812 67.19467180469174 0 0
69.12114129255724 68.89469989924943 0 0
70.98521889790911 69.22708530601231 0 0
72.4667607764799 72.13899948177777 0 0
73.25245208923451 72.56328882457876 0 0
77.18320505553704 73.5980544696482 0 0
78.68165538570985 77.76682080384788 0 0
80.11718038822767 78.92576790825134 0 0
81.65825615675313 80.29151199681868 0 0
82.23478710327731 82.04339586087531 0 0
84.09463093909652 83.97558594131647 0 0
84.45784318891131 84.24743647524171 0 0
87.04941957900803 84.48052883960995 0 0
87.35369476414606 87.19684187704883 0 0
88.47796903707324 88.45239974816505 0 0
90.30939411029426 88.72994213943623 0 0
94.07585797258723 90.49153511499119 0 0
98.90627367411983 95.75558072375361 0 0
99.41579557909672 99.19953566594916 0 0
99.56095068499532 99.55207820712808 0 0
