# Status file for ctqmc. Used to save all times t_s, t_e.
2
37
7.128521621436946 0.5087936963077327 0 0
10.8764662891641 7.282088257700114 0 0
12.45352024630597 10.96321840468874 0 0
13.89671126673551 12.55290053212386 0 0
13.9940677642841 13.9686907121022 0 0
14.10096747535085 14.02629436560497 0 0
15.29581116111351 15.08044524687901 0 0
23.14557312239289 15.41235999301692 0 0
26.21700331222205 23.21757446884318 0 0
26.34492516462924 26.25672320465458 0 0
26.76802550134227 26.54962896346427 0 0
28.03827049523148 27.42295611205889 0 0
28.69793812645447 28.11748248884559 0 0
34.31294670881501 30.9536775696921 0 0
34.48747710299693 34.44117757669078 0 0
34.94590057465312 34.83059930488005 0 0
37.64063169146181 35.10411115694623 0 0
38.21506864818284 37.97516181752952 0 0
40.2588571027462 38.86478020093573 0 0
41.87418315292044 41.86666554893091 0 0
43.47033711844984 42.86160711379962 0 0
46.83349178198484 44.60925441467478 0 0
51.75438932839819 47.0983465574536 0 0
61.30406978123832 52.90380674708396 0 0
65.11168666605295 61.86038597392537 0 0
66.13792201131223 65.196488266614 0 0
68.93007495709692 66.21752656171523 0 0
70.1767621951941 69.7018849892259 0 0
73.01620803394452 72.99626268695785 0 0
74.15011070999878 73.79320072681784 0 0
75.35702304215351 74.53436812606492 0 0
76.84230637889839 75.7908691031197 0 0
83.43422313360728 76.99944232580351 0 0
88.78591672496626 83.82323628954599 0 0
93.91425214828743 89.87321216532813 0 0
95.5489452574181 93.92743997316586 0 0
99.97612379125395 95.8614754785568 0 0
44
2.188797591801842 2.163419078366134 0 0
3.571997089909493 3.456293021395354 0 0
4.096582199383147 4.09101893273073 0 0
5.872993905787912 5.260490154946984 0 0
5.939604279068687 5.902315941228373 0 0
6.696696705825373 6.529677849472959 0 0
7.855188311410771 6.848195785140805 0 0
8.682283345889219 8.294139508894485 0 0
11.22623571024491 11.03386267089618 0 0
11.50899308632625 11.30971676320595 0 0
14.46720310838724 13.87152790886713 0 0
15.73411801963585 14.7620574455186 0 0
18.24512171965138 17.79579213568595 0 0
26.4883055425876 26.46189227761201 0 0
27.75850452147072 26.65155356742338 0 0
30.09640881640195 29.15337577751724 0 0
31.12959700396356 30.59917565548128 0 0
40.01613906811793 39.99646512272323 0 0
40.39785731467099 40.13370807168003 0 0
42.62658890027789 40.65355036252387 0 0
44.23813263290874 43.45156733540563 0 0
44.56357290937271 44.35364522979198 0 0
44.83216094943256 44.70105253468191 0 0
48.3103130015453 48.30597546036692 0 0
52.02516583678005 51.12522244017961 0 0
53.09868370338121 52.09033288299625 0 0
57.49587656378407 57.43416875872422 0 0
58.28976318923894 58.28722481876113 0 0
64.61469605386873 64.53751888372811 0 0
64.99891686368403 64.6247809205132 0 0
66.35835386534072 66.33755877556185 0 0
68.53076189911651 68.4709441563552 0 0
69.13102076221662 68.57071335049827 0 0
74.38505588670216 69.16451848915437 0 0
75.43693902808542 75.4012002752351 0 0
75.75607925182192 75.61290319747134 0 0
76.55354900730683 76.49943476243998 0 0
77.74054553234951 77.70707735545609 0 0
82.32912978932897 82.28705084974527 0 0
83.57567574188724 83.26300027040524 0 0
87.06842008322836 87.0377475818208 0 0
89.8744675861342 88.04075304200421 0 0
92.8950112708488 92.72452129288406 0 0
95.16007305288387 94.88494207015151 0 0
