# Status file for ctqmc. Used to save all times t_s, t_e.
2
56
0.3637986013164891 0.5086860412589402 0 0
2.350629636638961 2.937260252692793 0 0
4.240176611576596 4.370487809209939 0 0
7.977299750563742 8.069534218356843 0 0
8.583779829513372 11.06776785319256 0 0
14.49638181961871 14.51409196910224 0 0
15.02737841439223 15.29172131445108 0 0
15.29881742943004 15.49605830558917 0 0
16.45501936315834 18.8860122521589 0 0
19.49334241635904 24.25502661086268 0 0
24.47393028800287 24.61741322981614 0 0
24.72081429304792 24.78061040357457 0 0
24.940241435001 26.40985820974846 0 0
29.04967595652599 29.74431520958851 0 0
29.84394135006329 29.8589685765344 0 0
30.26715631017871 30.52439946657386 0 0
30.54370914207281 30.8350151471172 0 0
30.9752800865715 32.60916790259492 0 0
35.98612534400847 36.02912532616172 0 0
37.1444666405131 38.72051998324458 0 0
39.75769964172903 40.97498557790293 0 0
40.97643882456604 44.80269179506446 0 0
45.07028152668847 45.29410962850849 0 0
45.73226467822061 49.44788686088675 0 0
49.4814052411685 50.32385447840453 0 0
50.33801797227502 52.74881535492828 0 0
52.81638015171766 52.88984156188061 0 0
53.04415504981316 55.94999815388724 0 0
56.8166909304035 59.24922671508843 0 0
59.75969756833277 61.46695701184147 0 0
61.59047563095127 62.15633209098335 0 0
62.43687474600933 62.64672800155486 0 0
62.99667839451715 63.08132296864466 0 0
63.30669108119514 64.57058363414875 0 0
65.04558104516968 66.93249441994767 0 0
67.0223689207067 67.91511034755506 0 0
67.94240396880711 68.23596671442969 0 0
69.2669489077384 72.45247204289367 0 0
72.69159455137924 76.10876713914675 0 0
76.6159033470542 76.65271831219101 0 0
76.84867491116253 77.40323248420536 0 0
77.62177004556867 77.68798751010299 0 0
77.72907116622194 78.53957431128065 0 0
78.87708987079905 78.89130820527579 0 0
79.08908714049907 79.09805940887421 0 0
82.29720682432912 83.23855152419117 0 0
83.42498799485985 83.75827810422139 0 0
83.95427632485024 85.52066146914039 0 0
85.67425691429992 86.01038647390283 0 0
86.61086127068347 87.82012498608192 0 0
89.80959164651756 90.49170134928751 0 0
91.92165583092265 93.44405205728984 0 0
96.29446374545954 96.29522587044825 0 0
96.65958621911565 96.68142423798682 0 0
97.00061418550212 98.12536905164151 0 0
99.59854747071414 99.81257903630859 0 0
53
2.054840320782826 2.001772750824856 0 0
3.322249086207624 3.178211649240223 0 0
4.730469824031545 4.586313881033114 0 0
6.172591303153424 6.146152590766701 0 0
9.906555611754085 8.478616548323302 0 0
11.52187776147285 10.22705296237832 0 0
11.73556425068398 11.52488570680947 0 0
12.20377527686523 11.94555048868696 0 0
13.02415394273634 12.93142183064976 0 0
14.50837904840298 14.29783035220507 0 0
14.95922427649924 14.90776017870863 0 0
15.4356847161449 15.03420828059368 0 0
15.58226493819825 15.5342081062174 0 0
17.64222645589705 16.82030390978931 0 0
19.47241617422947 18.50364433850222 0 0
19.79018736614687 19.49242880446531 0 0
19.94357430744619 19.80667287382216 0 0
20.49905214891787 20.17357056313594 0 0
21.41680252645866 20.63918344965757 0 0
23.7517052174419 21.51154129129906 0 0
25.73510289829624 23.83602779259492 0 0
29.25324898277261 29.12962640906575 0 0
30.78588821128766 29.59604508791845 0 0
32.60283473974917 31.22432805480036 0 0
34.37901148136006 33.96275976077209 0 0
35.20059845380273 34.77352762062719 0 0
35.37635690828515 35.2891873597278 0 0
37.7126215890812 37.05938115145082 0 0
38.74362334266544 37.78912567259659 0 0
42.09308358594288 39.46481523866709 0 0
43.28845741343969 42.12139378488636 0 0
45.43252948188093 43.48893734789419 0 0
46.45453690249751 45.79054561861552 0 0
50.89763895446024 46.49027339553206 0 0
51.36767292485591 50.91711686652544 0 0
54.16040987999524 51.4202618763028 0 0
59.72286372703854 54.17884558422347 0 0
63.57441932660963 59.88262428504103 0 0
67.82799376269908 63.72672371997929 0 0
70.67811513787203 68.84745402039991 0 0
73.18223979986331 71.04656060794919 0 0
75.74253141686269 73.36526223492889 0 0
78.47268332592694 78.1577220348108 0 0
82.84285132241068 82.66621010349515 0 0
85.3717348027054 84.2452995733298 0 0
85.80075673942251 85.68184626347632 0 0
86.4173141288435 85.94914726317978 0 0
86.61485126095548 86.58622689722415 0 0
87.18252020610078 86.85762628748843 0 0
88.96422781564189 88.82344366538835 0 0
90.55671502677026 89.05921469073503 0 0
92.65876663241178 90.78533815129846 0 0
93.47071763921583 92.97495352653195 0 0
