# Status file for ctqmc. Used to save all times t_s, t_e.
2
44
0.3001579033811623 0.4312066789461966 0 0
4.764255173702809 5.276154540396181 0 0
5.319310137389634 5.430196735042125 0 0
6.808627195120775 6.848337129535123 0 0
8.029894915022458 11.35275093733912 0 0
11.40952221572874 12.39876737968858 0 0
12.42556406509484 16.25821907206189 0 0
16.54774625778811 16.8769348259291 0 0
17.31367103579464 18.11009638993452 0 0
18.34902908559339 23.44113514895374 0 0
24.6383712490197 26.90619658529707 0 0
27.0662788802045 29.61426941766043 0 0
29.7872154959626 29.99685930657918 0 0
30.91276750721793 33.07623444771773 0 0
33.12124112705099 45.5520945288411 0 0
45.57965537373993 45.9083390023753 0 0
45.96852561243106 46.436415190822 0 0
46.63866583430357 46.84812565550729 0 0
48.10627888200604 48.18818765461987 0 0
53.61803677079685 55.02566911123503 0 0
55.15718230873616 64.17846933946839 0 0
64.19680088434963 64.31053090872119 0 0
64.5870934020959 64.63421060076671 0 0
64.95424476376716 66.25078361714888 0 0
67.03420839869371 67.24345018403466 0 0
67.3734646982155 69.3133475315186 0 0
69.98762793092874 70.05317639333376 0 0
70.23073538895794 70.60101835844988 0 0
70.96494435940217 71.92968458727979 0 0
74.01490090275156 74.0215751607803 0 0
74.68342545645525 76.93686720130455 0 0
77.48235295304765 77.99274531779433 0 0
78.27474215485931 78.29627008482517 0 0
81.94116595174546 82.09020830098015 0 0
83.16511962544587 84.91310656461998 0 0
85.00449050369377 85.93595344248254 0 0
86.21526545490322 86.29742705018401 0 0
86.47379524797762 86.53754897948693 0 0
87.94701245651123 87.95591817127837 0 0
88.30500778711836 88.91284624185016 0 0
89.16999683337301 93.05671490204237 0 0
94.17323527957159 94.18654154197401 0 0
97.37872548494354 97.45455522587703 0 0
98.37669719707593 98.70009976012605 0 0
63
1.819611741700213 1.561502104807259 0 0
2.177735159694278 2.111818700649495 0 0
4.918915198549879 4.890593410702294 0 0
5.582246075001281 5.193196950010021 0 0
6.38600195451472 6.223799171502607 0 0
7.516351305078167 7.408151459763218 0 0
7.899981226926261 7.831899725730248 0 0
9.547208975335172 8.049796426886751 0 0
10.30978851664645 9.984907543022928 0 0
10.79441650919152 10.35644937850669 0 0
13.16039970805297 11.04002663261441 0 0
15.73276932889452 13.18579582954813 0 0
15.85605316866097 15.7462181304494 0 0
18.00399943223566 16.56827397721092 0 0
20.37133109243573 18.25727602440318 0 0
21.38935526547939 20.434072529475 0 0
22.40249733522258 21.82995917750464 0 0
25.12009956355548 24.42584330684314 0 0
26.97776545735703 25.25669261487133 0 0
29.5703767618152 27.18882352913917 0 0
29.98153804185863 29.71972645236747 0 0
32.12821561355467 30.94108545549845 0 0
34.50943430111762 32.34427372770124 0 0
36.72366369428394 34.55384240075095 0 0
37.51930836222135 36.82467084872343 0 0
38.05589126090241 37.8567618606769 0 0
40.2200237311713 38.55664122715574 0 0
41.53437482655006 40.50661875985963 0 0
41.64002694386485 41.53784580642456 0 0
46.80840913574892 41.64846589425058 0 0
49.14676902434863 49.0057063266644 0 0
49.33608450214569 49.26750338085393 0 0
49.85669117503907 49.69018633030769 0 0
49.92869226728514 49.90087122766469 0 0
50.61166469757034 50.01691383232527 0 0
59.06583936953189 53.73686780119852 0 0
63.7584601258277 59.19690986151431 0 0
65.51563881934302 65.32700093679804 0 0
65.7793785903183 65.67400978392396 0 0
66.1552658995862 65.85583247722995 0 0
67.87064417970446 66.90829457643736 0 0
69.47293165447924 67.96486868735502 0 0
70.56942010110794 70.35042694969265 0 0
70.7302849337612 70.59118473037606 0 0
71.97422380437266 70.92391977645464 0 0
76.65105649430222 74.69410677534982 0 0
77.69636781947413 77.34483962847139 0 0
77.86923844415377 77.86169384983405 0 0
79.29505413046212 79.01368841311387 0 0
80.4220524385351 80.22496090712836 0 0
81.02361387584406 80.657477666037 0 0
85.20867626525552 83.16100078578125 0 0
85.42492612178044 85.29820585850587 0 0
85.55360751939132 85.45295177362142 0 0
86.14760967643308 85.65200621927818 0 0
90.90691056604291 88.64574561790538 0 0
93.09139646513687 90.97428124136655 0 0
93.93945728911528 93.59158157173256 0 0
94.09175059272029 94.08968916465717 0 0
94.40085303435167 94.35977424487398 0 0
94.71915794552469 94.69218927630195 0 0
97.63840320236217 97.43437466712584 0 0
98.6630514325022 98.41462842322765 0 0
