# Status file for ctqmc. Used to save all times t_s, t_e.
2
41
9.26513825233936 9.353951408493199 0 0
12.53321003371007 12.62330028095006 0 0
12.65921425570952 12.84020778879219 0 0
13.16382136065193 13.2335930464023 0 0
14.29275177449811 14.70755840208626 0 0
15.00632066244399 21.24755459149005 0 0
21.52328182664866 21.55431263293782 0 0
21.75749401568933 21.85307083802217 0 0
27.72450677640246 28.13612727788324 0 0
28.64277677954419 28.74536022166159 0 0
30.84560902663093 31.37267090645161 0 0
31.42572359476874 32.71319567948783 0 0
33.52159910657651 37.34332807701252 0 0
39.1555422310484 39.23997443942635 0 0
41.9899001709482 42.17072888069271 0 0
42.33131916306584 42.40298336012894 0 0
49.8649147972483 50.05099244675657 0 0
53.93084345274921 56.29285848038369 0 0
56.35973656441107 57.00257702135821 0 0
57.84008768994024 58.31930365650607 0 0
58.66929447923302 58.9124398186178 0 0
58.99823148565254 59.12088525767052 0 0
59.24241570993335 59.7201413212838 0 0
61.11310764267089 61.16563487764275 0 0
62.65608877797901 63.23745988995092 0 0
63.59826503121626 63.7039005446607 0 0
67.16629114631867 67.18187321375773 0 0
67.38707514220953 68.0353974879973 0 0
68.11711881826166 68.43750042330977 0 0
73.77581606063296 74.26065648163591 0 0
74.30999193344807 75.24923360224426 0 0
77.12272236173108 77.21140762707317 0 0
77.91347070098548 80.11104774610838 0 0
81.09594242753212 84.22393739375411 0 0
85.59602872355006 85.74871840898724 0 0
91.42031222604594 92.5121440830945 0 0
93.11557546280666 93.1585697260827 0 0
95.20648188128953 95.64454308700149 0 0
95.80258713672021 97.58216077351746 0 0
97.64475831820543 97.690063351784 0 0
97.9750878330801 99.67570358040849 0 0
58
0.1378564388808415 0.1240312752859154 0 0
0.6202788748229784 0.3806555099788062 0 0
2.980723107879498 2.978066992344608 0 0
10.35263373268202 10.30547219545469 0 0
12.13826321384479 12.04882852234154 0 0
14.55196035684528 14.33560728092079 0 0
15.26410090850575 14.61473147334992 0 0
15.75094437695954 15.33677253984589 0 0
16.36359889087528 15.83199976962014 0 0
16.90916270219959 16.46925926621287 0 0
18.51714749246138 17.20680639445461 0 0
19.18158281180168 18.54984120528698 0 0
19.64700252240213 19.18898596982163 0 0
19.9589329574008 19.76138152340004 0 0
20.6342719706628 20.25418848024746 0 0
20.86506030017192 20.83164491661505 0 0
28.74072540248374 28.52100487530675 0 0
29.81195992247411 29.43609897167278 0 0
29.98178283695978 29.85641276733606 0 0
31.16107314518324 30.85530707775096 0 0
34.27392938543188 31.27319011165061 0 0
34.91795955494239 34.30924663886234 0 0
37.18668646926512 35.01728018802614 0 0
37.52383294621259 37.4632361821466 0 0
41.19811462462507 41.15450088012796 0 0
46.01507843370156 45.88434728473114 0 0
46.57504994985155 46.50042216233367 0 0
47.32438826026382 47.24639611461914 0 0
49.42397266603235 49.36747254048139 0 0
49.60858990203262 49.58714582343682 0 0
49.92689627491473 49.6814383585774 0 0
52.12862739394099 51.8972780762363 0 0
55.78717421143732 53.80183470165689 0 0
57.01110455843215 55.99756642406189 0 0
57.83033837608647 57.5364236345614 0 0
58.42967205230452 57.94473861212239 0 0
60.77686490481801 58.78040370824844 0 0
62.16755561174579 62.15065323297651 0 0
66.04985697376948 66.01180579272081 0 0
68.22019567959427 66.96179540648353 0 0
68.68451703905508 68.27014749475818 0 0
71.84018402666285 71.73980468519615 0 0
72.59872692624555 72.48443729997548 0 0
74.84211962181597 73.24834439139018 0 0
76.57048118258911 76.43583056282118 0 0
78.98001965598516 78.28237465207431 0 0
80.29048082135114 79.06818271578899 0 0
82.52236889751188 80.4905992709264 0 0
82.68558572421453 82.65437896125738 0 0
83.22087510891002 82.82799376743577 0 0
84.35440342284049 83.23644688900518 0 0
87.37102841385587 87.29199047206863 0 0
95.92955538463747 94.97858309013978 0 0
96.82528517226834 95.99666394836997 0 0
97.65177142903292 96.84383090870443 0 0
98.4592103054373 97.93507707157619 0 0
98.96555519719621 98.67763984346239 0 0
99.60522924138201 99.25009020369073 0 0
