# Status file for ctqmc. Used to save all times t_s, t_e.
2
42
4.206300002033746 4.18067246498715 0 0
4.421857104157588 4.248363907894663 0 0
5.304580308281043 5.284858528587563 0 0
5.435871694551341 5.306530128466936 0 0
5.63306175475683 5.575948980920015 0 0
6.51173007571502 6.189013747931198 0 0
8.882241194884823 8.55416301882105 0 0
11.21235870818481 10.70774374930002 0 0
12.84185681503677 11.21328496136343 0 0
15.41279345638242 15.29255520657911 0 0
23.95212294914677 23.44434128311192 0 0
27.75239250834105 24.63193939241852 0 0
32.46945862971894 30.91129146915541 0 0
33.92439322799126 32.57753163267706 0 0
35.70421236960286 35.20618372105453 0 0
36.66658630687387 35.91533414360889 0 0
37.14697649934476 36.69973921364581 0 0
48.97239790161233 37.45370164285563 0 0
49.23914658797995 49.00981043708514 0 0
49.69481532243659 49.45736142276233 0 0
51.16028231873208 49.81607768277443 0 0
52.14706152213864 52.0015163877179 0 0
54.78833311794872 54.17697676488538 0 0
56.10091796134242 54.81193397746777 0 0
57.72423017948197 56.30845151600764 0 0
61.04932141245776 57.95821907986261 0 0
61.37350545632759 61.07583580313439 0 0
63.83852139580225 61.44020228622546 0 0
65.83029864510095 65.71700707800987 0 0
68.13559333393017 66.15673198805929 0 0
70.17297487362301 70.13769253379027 0 0
71.22655595277993 71.05510646655577 0 0
74.05641438756572 71.3243436568891 0 0
76.00786243372329 74.3105447511582 0 0
76.27259194153748 76.20364192975205 0 0
81.56324328014882 78.45191251690895 0 0
82.20660294381997 81.93852086679183 0 0
84.02769319196619 82.48954073641495 0 0
87.9351353608856 84.3237957378082 0 0
89.2068169834747 88.13921720719031 0 0
90.07894654151103 89.98722177578632 0 0
96.86447988602599 96.04819015392869 0 0
44
0.002173683066658327 0.0481551252266712 0 0
3.913789593118228 3.920758571416216 0 0
4.483765396212847 4.63890218152254 0 0
5.559208603361109 6.445902220448928 0 0
10.62067783416481 12.8615774850209 0 0
13.36868664107712 13.58156157696854 0 0
14.10996531272355 14.25115874027342 0 0
14.77091334958601 15.16297107187615 0 0
23.61525022208214 23.85589946464242 0 0
25.16465277045532 25.1800506957855 0 0
25.68382477878538 27.39009960300792 0 0
28.39687948337615 28.40003561547899 0 0
29.07254456387367 29.07505300012065 0 0
30.77413852037844 34.33169319915267 0 0
35.39673339530392 36.56629517715786 0 0
36.58180381059076 36.60687850388862 0 0
36.7761630682558 38.39529868869435 0 0
38.85940537304924 40.69610415170725 0 0
40.84026044646973 41.69472066400854 0 0
41.82377945626688 42.61544321974873 0 0
42.69643440666568 45.90046855888812 0 0
46.05412884539288 47.17897573971302 0 0
47.46418548553828 48.30011819307002 0 0
48.32974498268742 51.4986355234428 0 0
53.16938980506252 53.23942048150884 0 0
54.30984520463252 55.89860667709605 0 0
56.28291954187002 56.79408420801863 0 0
56.84801448349555 64.01416827055328 0 0
65.64464625701434 65.81051062370803 0 0
66.45336249288191 67.46537166813673 0 0
67.63801973188869 67.8295518697187 0 0
71.14986096466168 73.34144456069102 0 0
73.43704316099135 76.13403207347751 0 0
77.63267473306342 81.17375696654433 0 0
81.28150242766057 84.02771891516724 0 0
84.03486205503225 87.83135282031017 0 0
87.94940473513199 90.2139287352481 0 0
90.39706814076737 90.51240758068535 0 0
92.04124995441902 92.06817514659993 0 0
93.41103267587135 93.67602792325479 0 0
94.43716166297119 94.54448031238246 0 0
96.01075226683921 96.94951432787072 0 0
96.96705261605167 97.06305808793179 0 0
98.95140056732738 98.994204555072 0 0
