# Status file for ctqmc. Used to save all times t_s, t_e.
2
56
0.4442529862148135 0.6368151977439709 0 0
2.045729632215668 3.45661864264118 0 0
5.140334404590741 5.816146737759052 0 0
7.984035870451169 8.653655574611891 0 0
8.734629427861311 8.809300021293719 0 0
11.48981021280452 11.77531526874826 0 0
13.67219507381983 14.35382128945328 0 0
14.47517658634431 18.29680442818031 0 0
18.33578203278631 23.01304823188232 0 0
23.70902019857492 25.91300505641997 0 0
26.00936312698398 27.6458787192389 0 0
27.82507725008606 28.5304432946719 0 0
28.62329902851716 29.55425675568703 0 0
30.33435879464241 30.81437527567175 0 0
31.139826982041 32.26889112121772 0 0
33.45167617139241 33.90340776756509 0 0
38.32666026972838 38.35771482285716 0 0
39.95097576822876 40.14323579527037 0 0
41.28308124490466 41.31714182767946 0 0
42.58094000804068 42.74486819440485 0 0
42.96223515332821 43.06921821803854 0 0
44.69627268266771 44.74439082930777 0 0
46.23432974148533 46.96141661479253 0 0
48.62919258607309 48.98300236151997 0 0
50.35169726989051 50.42810050521592 0 0
51.81793266704067 51.87167259586025 0 0
55.7279351916315 58.25727573713816 0 0
58.37726394657059 58.44790044121122 0 0
58.48545817161855 59.31828306033652 0 0
59.31993059600655 60.01553219764319 0 0
60.22680490710601 60.40636454075845 0 0
62.13189287371856 62.42806831807076 0 0
64.5379227271418 64.70784141844396 0 0
66.23464049041176 66.72006621220162 0 0
66.80834818522513 67.41652836533689 0 0
67.55638584877346 68.05166168095498 0 0
70.71794442468583 71.4332967011425 0 0
71.57809693691939 73.89024389149449 0 0
74.61884746514667 74.72785564924675 0 0
74.81970389867573 76.58158943412573 0 0
76.62076448978165 76.71110965924369 0 0
78.59891274173307 78.68164369286274 0 0
79.02153980557502 79.69209680685478 0 0
80.54112474683684 80.54515998726865 0 0
80.55148403315332 80.75638464921111 0 0
82.10147047217964 83.48722354928286 0 0
83.72659213778537 84.66058468185419 0 0
84.99490976118631 85.05000020179828 0 0
85.849693781209 86.26787845137854 0 0
86.4869165585547 87.01787812727116 0 0
88.26845313592843 89.24102633136555 0 0
89.68435948141077 89.7833548609875 0 0
95.49356044828887 95.67148978242609 0 0
96.88448674032983 96.96778465094089 0 0
97.37603916781637 97.4407147072864 0 0
99.62722951113491 99.78413638108576 0 0
51
2.819962928886194 1.9006336898168 0 0
5.937811042619519 5.588783490961959 0 0
11.58444098477005 11.35652909108712 0 0
11.98007962289752 11.79676602205785 0 0
13.77076539723672 13.59819740724727 0 0
17.40837065622198 13.99623953072285 0 0
19.45865721970048 17.79288145343831 0 0
20.2168917703762 19.46694540270349 0 0
21.11808748934173 20.29650913859472 0 0
23.20061315911554 21.20203580666914 0 0
24.51628794186478 23.39933594009887 0 0
25.93773619341028 24.63992929001801 0 0
28.44465078580814 26.3107909886736 0 0
29.61413864679982 28.56061426895064 0 0
31.70399738323577 30.56976446991652 0 0
32.33130322709773 31.73231102882809 0 0
33.81252565303588 33.42357902398666 0 0
34.77184951088152 34.64166665595509 0 0
41.39827159384593 41.37825098010502 0 0
42.21155746597705 42.1157317245185 0 0
42.7310104087104 42.46575294823491 0 0
47.00222156838525 46.10366795060867 0 0
49.06291648146771 48.47625051677494 0 0
53.02872159741542 52.75492231165717 0 0
55.9391274842617 55.50919521603129 0 0
59.15079488032252 56.14419274252365 0 0
60.99977421007298 59.19410850231729 0 0
61.47322726216888 61.4179173901256 0 0
62.40160832527161 61.92185635988491 0 0
63.6938003770386 63.61875829981042 0 0
65.20481431390105 65.12701884245821 0 0
68.08861098828439 65.81010091448893 0 0
68.79394204017788 68.78549566138611 0 0
70.83710701359972 70.68003143141414 0 0
72.66645747919019 70.97866420761029 0 0
74.18169120678041 72.80678383607189 0 0
75.51973628636631 74.24290023714512 0 0
76.70020508415166 75.6563167960268 0 0
79.72437871851966 78.23613957186456 0 0
81.09211411655313 80.23740833298827 0 0
83.5235345032049 82.03092442482475 0 0
84.21228917394345 83.87510789094956 0 0
84.59024687823002 84.39994622737913 0 0
88.02826035791688 87.93243906642579 0 0
89.63470911903437 88.24034798375254 0 0
89.74531064940592 89.66594897283437 0 0
96.1759380180325 95.82500094650005 0 0
97.21062886964818 96.9893115330554 0 0
97.97397116909377 97.88800610837374 0 0
99.43844231343141 99.36604142378003 0 0
99.48770245228665 99.44987468434567 0 0
