# Status file for ctqmc. Used to save all times t_s, t_e.
2
60
0.2670095402361738 0.595900380187887 0 0
0.8218876854979216 1.897292583789605 0 0
1.950773631337233 3.14182968226811 0 0
3.18542887136075 6.145628805420392 0 0
6.375527830248878 7.064739852973917 0 0
7.26029843575167 11.47627414032821 0 0
11.47854663834462 13.346624967127 0 0
13.36338060056349 16.56311952360372 0 0
16.97934422100843 17.19766516960102 0 0
18.4034932979398 19.62923307567287 0 0
20.20065820626273 20.30030858834791 0 0
23.15985657951529 23.42358940841973 0 0
24.28415581597775 24.59568194915557 0 0
24.98355073456866 25.05680318320086 0 0
28.42259574940501 28.74963842439895 0 0
29.17779837467521 30.90027379059863 0 0
30.9547046853375 31.75751055518969 0 0
31.86322936326158 31.9420442930677 0 0
32.02094491145539 32.11341386477505 0 0
32.68978154548439 32.86414961445029 0 0
33.55922414060986 34.92685673434381 0 0
35.07791829588266 36.97314373511023 0 0
37.37403082247334 40.68770051993195 0 0
40.71065944170868 40.74933137079005 0 0
40.90909782716132 41.50077014770367 0 0
41.85064401880292 41.88970593172305 0 0
43.51277390590585 43.54367608386612 0 0
44.87879275539648 45.03546985457204 0 0
45.53605861592425 45.86604630490102 0 0
46.34272951651578 46.40086184753212 0 0
46.73178003226431 48.67768617898403 0 0
49.91970040814951 50.05536772162584 0 0
54.77601304000279 55.02379816978232 0 0
55.71523118180585 56.01330859970917 0 0
60.67259629572334 60.76390584635973 0 0
61.24521487270263 62.17787432185431 0 0
62.29284556237607 65.77931568562731 0 0
65.83804262452357 66.29500791162519 0 0
66.37124125572494 67.06069699536813 0 0
67.20683226890547 69.40508107392606 0 0
69.48908702519277 69.54641877639395 0 0
70.01813559808079 70.2895279584872 0 0
70.86333756786274 71.29561977887153 0 0
71.54901773380929 71.80874028517273 0 0
73.59071384558958 75.03492694695557 0 0
76.1855825713167 76.19421477324026 0 0
79.36009847337564 79.48590195326682 0 0
79.85656081952131 79.97552373073256 0 0
80.6740280872762 80.78606651604566 0 0
81.90945780829381 82.11305364742086 0 0
85.32146725655723 85.47462749978658 0 0
85.68903265503114 85.74046690292411 0 0
86.58191521261405 86.73461462111563 0 0
88.50284122133613 88.51319092244007 0 0
89.57806507767434 89.62620236078052 0 0
92.32499901684675 92.34856005823801 0 0
93.54772375045594 93.70451351290706 0 0
98.25598237608816 98.50127277921804 0 0
98.55967035114614 99.31731793507298 0 0
99.43904494929347 99.63786203631372 0 0
54
0.4175402313595694 0.2884057099115864 0 0
1.41305037765157 1.032624135216429 0 0
1.641927859694081 1.415694055322639 0 0
4.205627557208723 1.892430962682514 0 0
7.06047541632223 4.701233553576332 0 0
9.00050306464767 7.113557992431039 0 0
12.2427335277895 9.16606374158159 0 0
14.79698708859505 12.81591266066506 0 0
14.96398913246077 14.93837908317449 0 0
15.88288209620397 15.73458873099592 0 0
16.60970330712105 15.95858400512945 0 0
17.77866312615363 17.69500508206413 0 0
19.63334046974842 18.14985514101419 0 0
27.27717471417975 27.02706696132098 0 0
28.60375591961533 28.30217991316965 0 0
31.88730483569022 29.211553575336 0 0
34.71375795305114 33.77743091709776 0 0
36.49416607015308 34.99169655443272 0 0
40.79625817456735 37.37987080567461 0 0
41.43418937409679 40.95950308817316 0 0
42.04676502300203 41.93197122717318 0 0
43.41281377097894 43.03969095709644 0 0
45.1250831471827 44.93267723405037 0 0
45.85097954400424 45.46780166943673 0 0
47.44648206222436 46.74446586941604 0 0
48.67186664037723 48.49669702322483 0 0
49.35324411015367 49.35119374622099 0 0
49.37472121781289 49.36426949083887 0 0
52.64627421331557 52.62945247097725 0 0
53.89175333048376 53.86159160503772 0 0
53.92077246297281 53.90266945123533 0 0
54.93277983018537 54.36988998119295 0 0
55.1456709037717 54.95170159316882 0 0
58.65344780253346 58.65121767700788 0 0
60.16948916561027 59.84313451327517 0 0
62.01833922540453 61.47336928410343 0 0
65.46938266611689 62.13250412226625 0 0
68.38854238289143 65.52891564149651 0 0
68.78384208160581 68.49476379298747 0 0
69.54249629628647 68.9839042075502 0 0
69.61828772069619 69.54356645728272 0 0
74.76446433109194 73.4759461329638 0 0
77.79001345212804 77.77381323481269 0 0
79.947600335719 79.6344706735416 0 0
82.25906289759482 81.88196642734712 0 0
85.86946126000993 85.62437608143452 0 0
86.96319260940339 86.53053068694456 0 0
87.32297570146905 87.05855989627413 0 0
89.62773098756183 89.60621044734651 0 0
90.87186528175901 90.84273530873779 0 0
91.60087516857531 91.52545842583542 0 0
94.98137828352063 94.85784435567516 0 0
99.64530820838823 98.6875731273405 0 0
99.9903559920597 99.69007798174509 0 0
