# Status file for ctqmc. Used to save all times t_s, t_e.
2
54
2.628953064304002 0.3879310438423715 0 0
10.00909005417518 9.938246432105615 0 0
11.2825396770895 10.31015615112145 0 0
14.88942054313281 14.79307621916893 0 0
17.17947720802503 15.21749699735921 0 0
19.97013498408063 18.37712357833736 0 0
24.26200947588104 20.03028702749976 0 0
24.61007114879393 24.4304474220114 0 0
25.63595851769929 25.08801770225664 0 0
25.97242095521626 25.81857328820957 0 0
27.49684978061211 26.46541788563825 0 0
27.79050390399344 27.74227336472799 0 0
29.05006637092997 28.09935053268461 0 0
30.20162303319783 29.35783832864578 0 0
31.89735554284829 31.08306045065104 0 0
32.48472881973091 31.98904070115658 0 0
32.68787003163287 32.62274879843222 0 0
34.72190633954662 33.30255699597429 0 0
34.93527600352571 34.81356196320944 0 0
40.53015331463709 35.15098929150452 0 0
42.20104953380932 40.54419927400459 0 0
42.81106587607139 42.57439178444278 0 0
44.14749794440976 43.95324452013935 0 0
45.17671220510528 44.88163063330767 0 0
47.52494932646514 45.83012223358443 0 0
48.93922332134381 48.19928198676704 0 0
50.48436172080299 50.45573890402361 0 0
51.16680657327703 51.0901063783047 0 0
53.52917327168335 53.45607934676308 0 0
55.76268842716651 53.55105058665058 0 0
56.2462121314045 55.79257833452169 0 0
57.29938337777033 56.31567765332893 0 0
60.22895812025417 57.53105683850333 0 0
61.23181428414372 60.30596004072245 0 0
61.41492061091734 61.30984561399769 0 0
61.64864199834126 61.62618606664667 0 0
64.33330486350071 64.01571770081819 0 0
65.06830114194962 64.77285106534914 0 0
68.37660103012497 65.22224085151339 0 0
71.43720147823186 68.66731376084564 0 0
72.04690411806597 71.6993087950606 0 0
72.4521333919968 72.29203044745216 0 0
75.15499070610974 75.14448971969648 0 0
78.41517434591539 77.78638766199663 0 0
80.4156809829376 80.28291974645555 0 0
81.6168841990463 81.18104180953091 0 0
82.30725374313198 82.03119356692942 0 0
85.95032292166009 85.65358256112356 0 0
89.61747437072525 86.30909565508279 0 0
94.31516449952531 89.79316895486411 0 0
94.93496417818591 94.7195710447166 0 0
95.86778319952602 95.80921060514238 0 0
96.90925929027975 96.51273580063462 0 0
99.36102025802842 97.51206999491096 0 0
44
0.5074703161064775 0.2047571929805256 0 0
1.942933595204781 1.809129940352594 0 0
2.31944565778842 2.00997488627714 0 0
4.609703564906469 2.802837464401544 0 0
6.998229104025958 4.815300380949946 0 0
10.33419046197447 7.359856848295918 0 0
10.75820737624514 10.73095401621643 0 0
13.38424646949988 11.47559610344555 0 0
15.07887914034721 13.53111578691856 0 0
16.44313295422491 16.30032608074546 0 0
17.86203666905121 17.1095538949988 0 0
18.70262922873356 18.28624256579506 0 0
20.0409366362801 20.02459870850117 0 0
20.32880417426724 20.07643947924594 0 0
25.95941609523453 25.55499876731643 0 0
26.64645528327056 26.04583059854783 0 0
28.01621556982628 27.99955499713126 0 0
28.1750111863105 28.13791910435755 0 0
29.15123979805013 28.97972836704258 0 0
33.35022281627542 32.66637173056493 0 0
33.67367138239236 33.39050610540535 0 0
34.81045207714599 34.80630570514067 0 0
35.46673353152257 35.23791257717563 0 0
37.9005475130104 37.81350644564434 0 0
38.63445297698117 38.45778913314964 0 0
45.57712562493094 42.0496318752405 0 0
46.18702732893594 46.07182313680372 0 0
53.96237890694454 47.51130691078404 0 0
54.63744517815613 54.07861979694029 0 0
54.8560218554119 54.74088901320028 0 0
54.97940947218072 54.96791183013751 0 0
58.6222858858184 58.4334919149798 0 0
60.8002086493121 60.58106713012324 0 0
64.5507744022795 61.60450717364987 0 0
68.42747408857852 68.38151523745795 0 0
68.54540529245594 68.53814394384888 0 0
75.49642000959716 71.30232522946237 0 0
78.13080996989434 75.62363079985116 0 0
85.75914566839511 78.22333027050064 0 0
86.58147368022685 86.1693597344812 0 0
89.00235139026312 88.9579927322184 0 0
94.09690826837959 94.07844623999627 0 0
96.51980978276389 94.29231781377621 0 0
97.49867944954566 96.8978546342028 0 0
