# Status file for ctqmc. Used to save all times t_s, t_e.
2
46
1.858109692297894 2.087647719282166 0 0
3.209160400293389 3.602800990394902 0 0
5.606639116815074 5.689679415269302 0 0
11.2110321978912 11.27623373228346 0 0
11.46822155160282 11.77305174091348 0 0
12.04306578539021 12.83263006661031 0 0
12.89572589123655 13.86045339540677 0 0
17.07404063420676 17.46161925151498 0 0
17.52371143496847 21.45140425903098 0 0
21.65007768961491 24.20212004401726 0 0
24.64766652979163 25.979953274758 0 0
26.15322715286707 26.16964200894497 0 0
26.73032540088424 27.50352942124421 0 0
27.51091090206742 28.12834136303409 0 0
28.14626281375307 29.98628887730099 0 0
30.12782299060269 33.00978962976886 0 0
35.56468567223289 36.23560949771383 0 0
37.43368658166796 39.24101346436396 0 0
41.11151433192047 41.54977001799433 0 0
41.57524521297878 41.8389553585527 0 0
43.30300776510055 43.32813248426928 0 0
43.53821858007917 44.20163919147699 0 0
44.57704674456231 44.5998023392989 0 0
46.55794371678644 46.69500648623233 0 0
50.34755279626881 51.98009777308744 0 0
54.15509513427526 57.49514537837113 0 0
57.81872715299116 57.99792749301262 0 0
58.19533032043429 58.45073142185654 0 0
58.59878422127657 58.74111305012934 0 0
58.98901496461212 59.15028055436807 0 0
63.38621865427532 63.48318621972906 0 0
66.60584279753948 66.76174773674799 0 0
67.32861562820698 67.84072009108063 0 0
72.01765551420567 73.47321513647647 0 0
74.44605165492803 74.67665118020788 0 0
76.59856160875285 76.72107741483329 0 0
78.2520166194501 78.44139571945261 0 0
80.17940042285871 80.18479178996594 0 0
81.32068414677279 81.39122357578158 0 0
81.67261747959279 81.68833908542662 0 0
82.48342218143186 82.52273114150071 0 0
82.59615235114565 82.88030278643448 0 0
84.07178035243244 85.54797354036597 0 0
86.03089077917895 90.42369077169221 0 0
90.5187415153264 97.94267503295656 0 0
98.72940272456577 98.88553896709557 0 0
50
1.38842500888103 1.387948855111051 0 0
1.56891789267655 1.565600898937577 0 0
1.895143863522177 1.859597110668571 0 0
3.072371775464403 3.06450604083508 0 0
8.049029625812434 7.910844086300962 0 0
9.547350944342682 9.407097708534222 0 0
10.2552580366943 9.872539627442302 0 0
12.21718463612642 11.64535496831429 0 0
12.66967326046949 12.45819397095626 0 0
13.81333960099586 13.05082163265085 0 0
17.9845272017425 17.07555703320424 0 0
18.28512346349851 18.08218156237184 0 0
23.32894991359893 18.335797063779 0 0
24.29801526042697 23.5097874905194 0 0
28.2857891364088 24.54213644277846 0 0
28.85790773448911 28.73398534960023 0 0
29.90648194717755 29.83995789923321 0 0
33.37413896719664 30.13034081286916 0 0
33.65756856213353 33.59319534200154 0 0
34.26914509758208 33.93216779795936 0 0
36.02469276994113 35.67166043470102 0 0
36.83542500080723 36.05752898115863 0 0
37.3831011940248 36.86990271605598 0 0
39.43291341060436 37.40973680782356 0 0
39.76080441718685 39.61669263593589 0 0
39.92379386815676 39.89195655695989 0 0
41.46528359464496 41.17933387177137 0 0
49.4893596191223 48.57807386498124 0 0
50.90338377384272 50.13745455033372 0 0
51.65535199484318 51.62881695222942 0 0
57.07085005605895 53.98457832877461 0 0
57.54949943466874 57.281924813029 0 0
58.15803466325374 57.57549222395846 0 0
58.62290042964288 58.31629652372671 0 0
59.68143070411524 59.50178673321839 0 0
64.28346087176789 64.09148836311309 0 0
68.53807501853886 68.41337897529773 0 0
69.36521274933948 69.33068490761262 0 0
70.61538845517011 70.21115835330519 0 0
72.52328994976462 72.26375233765542 0 0
72.60741180885663 72.59704991867467 0 0
73.22042943928682 73.18394518705141 0 0
73.4867792931957 73.36623044465304 0 0
73.83676803243388 73.59227598478193 0 0
82.87004232596075 82.25964383808805 0 0
84.68083881752389 83.75998787772753 0 0
85.63886734645295 85.34368574706775 0 0
86.81759525983063 85.99669543448931 0 0
90.27063473725883 86.84253692631815 0 0
97.79064270985849 90.5572994266969 0 0
