# Status file for ctqmc. Used to save all times t_s, t_e.
2
50
0.6521436581421085 4.868076844598448 0 0
5.000452284845684 5.210849958156999 0 0
5.58974372823565 5.879461231859264 0 0
9.730013652872746 9.853975354610689 0 0
10.20608277078742 10.38252064616813 0 0
11.79356537682536 12.25745511627507 0 0
12.3069340807117 12.38685404780242 0 0
14.31991696998435 14.55698374998157 0 0
16.21841817356459 18.37857041327365 0 0
18.44090637201889 20.51073372740114 0 0
20.60239874940499 26.36796253251926 0 0
26.39864428547865 27.24591368552384 0 0
27.80045719729559 30.26481833560552 0 0
30.30003761897949 31.7118579608657 0 0
32.44428838890922 32.46189446770152 0 0
32.56125836141465 33.32516599003727 0 0
33.50560668429778 33.6027792974471 0 0
33.8081671667091 33.90129587828986 0 0
36.62825439222183 36.67732177669762 0 0
36.70110925369392 36.75491590879908 0 0
37.18114471356849 40.97430323688737 0 0
41.24982148918186 41.71798523909755 0 0
42.07444729012099 44.59050633034246 0 0
46.56565931096725 46.70784529198637 0 0
46.90579689356218 46.90871245540318 0 0
49.50287284656161 49.75021599351761 0 0
55.59787656091411 55.74117871750075 0 0
56.41208975125453 57.49117795911764 0 0
58.18345235547324 59.22184571610051 0 0
60.25982009593294 60.5501872370867 0 0
61.36596765287096 61.68685130164319 0 0
61.95801125052299 62.65073914143992 0 0
63.67254700911099 64.12920735785826 0 0
67.55885186069823 67.59175785666979 0 0
68.28075861068469 69.98783822679536 0 0
70.0499439329346 70.13110877567225 0 0
71.57096404117229 73.94466616204005 0 0
74.43716567964687 74.73295706338666 0 0
77.13010026582239 77.39638526857999 0 0
79.55651553784574 80.26393195544188 0 0
82.51572271430993 83.08239596294341 0 0
85.52681022584808 85.53282557030496 0 0
85.67148645142352 87.16129452235674 0 0
87.29775449876293 88.60186635534707 0 0
89.10644631533519 89.13330608220937 0 0
89.24100362789835 92.07953213415975 0 0
92.17561504541439 93.93820552770754 0 0
93.97780897895264 96.85191092956387 0 0
98.28311932718721 98.78776168866951 0 0
98.9555459045766 99.31754361360601 0 0
51
1.862594899399291 0.7793667167636905 0 0
3.95863118848705 1.958480599722523 0 0
4.596678829981768 4.041132321341613 0 0
5.438350451579275 5.356913804061021 0 0
6.922956358508473 6.793824043794758 0 0
12.44714607420478 11.99472587766558 0 0
12.56159505300636 12.48261814668309 0 0
14.3089632540364 14.17161060618935 0 0
14.78843587884776 14.75957209220217 0 0
14.80241092815047 14.78915195958632 0 0
18.1521630991068 16.18708218762381 0 0
25.6663897911089 18.31860155696112 0 0
26.19634750715491 25.83612495686279 0 0
33.18842675449809 26.29123985072614 0 0
33.69718899138363 33.43205173116158 0 0
34.59206795101711 34.33623023554713 0 0
34.89840538827931 34.85838091309834 0 0
35.63034003802218 35.36991316080532 0 0
37.15050889689803 37.0578439103304 0 0
37.85215416525043 37.19515564412893 0 0
38.72768198139191 37.86706707958778 0 0
41.05079597999244 39.01983100646736 0 0
44.45428818513894 41.11907457582773 0 0
44.68539239135777 44.57585193406903 0 0
47.84473840303459 47.53001877933176 0 0
56.02907961104842 56.02894328061751 0 0
57.39511357231665 56.44782325369646 0 0
59.54010491180712 58.11325419854891 0 0
60.45699047870466 59.95170780768724 0 0
61.11247509510574 60.88594987433523 0 0
62.510485740619 61.40567989237267 0 0
62.82566546619795 62.57321533699542 0 0
62.94823683970387 62.88298045127698 0 0
64.12851351090217 63.41908294071644 0 0
65.75225871802459 65.63096699705986 0 0
67.36313183489735 67.25354439528043 0 0
67.88440466629091 67.73011123780771 0 0
69.59887958503546 67.96464906060865 0 0
72.10390933827662 71.95331538101433 0 0
73.78961848343995 72.16687336077203 0 0
78.92212541691532 78.91243256765659 0 0
80.25486042406182 79.92801749584775 0 0
81.57247096905981 81.5379479107273 0 0
82.93390268420372 82.70235065783308 0 0
86.25591164906828 85.54536320441356 0 0
88.64571000015088 86.87082485585093 0 0
92.14950130840836 89.01767005010575 0 0
96.68957804342526 93.36066904044577 0 0
98.74236460553881 97.35931672982026 0 0
99.01128459083634 98.95598642898332 0 0
99.1063832079181 99.10292356307505 0 0
