0.0314159 5.47394e-05 -0.0139565  
0.0942478 5.45481e-05 -0.0417232  
0.15708 5.41694e-05 -0.0690559  
0.219911 5.36111e-05 -0.0956819  
0.282743 5.28844e-05 -0.121352  
0.345575 5.20033e-05 -0.145848  
0.408407 5.09839e-05 -0.168987  
0.471239 4.9844e-05 -0.190626  
0.534071 4.86021e-05 -0.21066  
0.596903 4.7277e-05 -0.229024  
0.659734 4.58869e-05 -0.245688  
0.722566 4.44492e-05 -0.260656  
0.785398 4.29802e-05 -0.273959  
0.84823 4.14945e-05 -0.285648  
0.911062 4.00053e-05 -0.295796  
0.973894 3.8524e-05 -0.304487  
1.03673 3.70602e-05 -0.311816  
1.09956 3.56221e-05 -0.317881  
1.16239 3.42162e-05 -0.322783  
1.22522 3.28478e-05 -0.326624  
1.28805 3.15209e-05 -0.329503  
1.35088 3.02383e-05 -0.331514  
1.41372 2.9002e-05 -0.332749  
1.47655 2.78131e-05 -0.333292  
1.53938 2.66723e-05 -0.333221  
1.60221 2.55793e-05 -0.33261  
1.66504 2.45338e-05 -0.331525  
1.72788 2.35348e-05 -0.330027  
1.79071 2.25813e-05 -0.328171  
1.85354 2.16719e-05 -0.326005  
1.91637 2.08051e-05 -0.323576  
1.9792 1.99794e-05 -0.320922  
2.04204 1.91931e-05 -0.318079  
2.10487 1.84445e-05 -0.315078  
2.1677 1.77319e-05 -0.311948  
2.23053 1.70537e-05 -0.308713  
2.29336 1.64082e-05 -0.305394  
2.35619 1.57938e-05 -0.302012  
2.41903 1.52089e-05 -0.298583  
2.48186 1.4652e-05 -0.295121  
2.54469 1.41216e-05 -0.29164  
2.60752 1.36165e-05 -0.28815  
2.73319 1.26763e-05 -0.281183  
2.79602 1.22389e-05 -0.277721  
2.85885 1.18217e-05 -0.274282  
2.98451 1.10437e-05 -0.267494  
3.04734 1.06809e-05 -0.264152  
3.11018 1.03343e-05 -0.260851  
3.23584 9.68642e-06 -0.254377  
3.29867 9.38355e-06 -0.251208  
3.42434 8.81633e-06 -0.245014  
3.48717 8.55064e-06 -0.241991  
3.61283 8.0521e-06 -0.236093  
3.7385 7.59368e-06 -0.230397  
3.80133 7.37827e-06 -0.227623  
3.92699 6.97277e-06 -0.222225  
4.05265 6.59835e-06 -0.217021  
4.17832 6.25206e-06 -0.212008  
4.30398 5.93127e-06 -0.207179  
4.42965 5.63364e-06 -0.202528  
4.55531 5.35709e-06 -0.19805  
4.68097 5.09975e-06 -0.193737  
4.80664 4.85994e-06 -0.189583  
4.99513 4.52984e-06 -0.183635  
5.1208 4.3276e-06 -0.17985  
5.24646 4.13825e-06 -0.176202  
5.43496 3.87614e-06 -0.170971  
5.56062 3.71468e-06 -0.167638  
5.74911 3.49036e-06 -0.162854  
5.93761 3.28535e-06 -0.158314  
6.06327 3.15835e-06 -0.155416  
6.25177 2.98098e-06 -0.151248  
6.44026 2.81788e-06 -0.147283  
6.62876 2.6676e-06 -0.143509  
6.81726 2.52884e-06 -0.139913  
7.00575 2.40047e-06 -0.136483  
7.25708 2.24378e-06 -0.132151  
7.44557 2.13599e-06 -0.129069  
7.6969 2.00379e-06 -0.125169  
7.8854 1.91244e-06 -0.122388  
8.13672 1.79995e-06 -0.11886  
8.38805 1.69699e-06 -0.115523  
8.63938 1.60254e-06 -0.112362  
8.89071 1.51569e-06 -0.109364  
9.14203 1.43566e-06 -0.106517  
9.39336 1.36174e-06 -0.103811  
9.64469 1.29335e-06 -0.101235  
9.95885 1.21482e-06 -0.0981857  
10.273 1.14318e-06 -0.0953105  
10.5243 1.09031e-06 -0.0931261  
10.8385 1.02919e-06 -0.0905298  
11.1527 9.7304e-07 -0.0880716  
11.5296 9.1149e-07 -0.0852893  
11.8438 8.6453e-07 -0.0830994  
12.2208 8.12793e-07 -0.0806133  
12.535 7.7313e-07 -0.0786507  
12.9119 7.29235e-07 -0.0764164  
13.2889 6.8896e-07 -0.0743039  
13.7288 6.46036e-07 -0.0719805  
14.1058 6.12346e-07 -0.0701004  
14.5456 5.76258e-07 -0.068026  
14.9226 5.47797e-07 -0.0663423  
15.3624 5.17172e-07 -0.0644793  
15.865 4.85205e-07 -0.0624732  
16.3049 4.59598e-07 -0.0608167  
16.8075 4.32733e-07 -0.059027  
17.3102 4.08151e-07 -0.0573389  
17.8128 3.85601e-07 -0.055744  
18.3155 3.64866e-07 -0.0542348  
18.881 3.43472e-07 -0.0526312  
19.3836 3.25994e-07 -0.0512828  
20.0119 3.05958e-07 -0.049691  
20.5774 2.8946e-07 -0.0483401  
21.2058 2.72645e-07 -0.0469222  
21.8341 2.57252e-07 -0.0455848  
22.4624 2.43125e-07 -0.0443212  
23.0907 2.30128e-07 -0.0431255  
23.7819 2.16999e-07 -0.0418822  
24.473 2.0496e-07 -0.0407084  
25.227 1.92934e-07 -0.0395004  
25.981 1.81935e-07 -0.0383618  
26.735 1.7185e-07 -0.0372868  
27.4889 1.6258e-07 -0.0362703  
28.3057 1.53358e-07 -0.0352296  
29.1854 1.44277e-07 -0.0341734  
30.0022 1.36547e-07 -0.0332478  
30.8819 1.28897e-07 -0.0323053  
31.8243 1.21392e-07 -0.0313528  
32.7668 1.14524e-07 -0.0304549  
33.7093 1.08222e-07 -0.0296068  
34.7146 1.02056e-07 -0.0287526  
35.7199 9.64023e-08 -0.0279463  
36.788 9.08946e-08 -0.0271376  
37.8562 8.58456e-08 -0.0263743  
38.9872 8.09445e-08 -0.0256116  
40.1181 7.64513e-08 -0.0248916  
41.3119 7.21024e-08 -0.0241742  
42.5686 6.79134e-08 -0.0234624  
43.8252 6.40791e-08 -0.0227912  
45.0819 6.05604e-08 -0.0221573  
46.4013 5.71687e-08 -0.0215286  
47.7836 5.39122e-08 -0.0209071  
49.2288 5.07963e-08 -0.0202945  
50.6739 4.79429e-08 -0.0197168  
52.1819 4.52142e-08 -0.0191479  
53.6898 4.2712e-08 -0.018611  
55.2606 4.03201e-08 -0.0180827  
56.8942 3.80395e-08 -0.0175643  
58.5907 3.587e-08 -0.0170564  
60.2872 3.38809e-08 -0.016577  
62.1093 3.19232e-08 -0.0160913  
63.9314 3.01304e-08 -0.0156332  
65.8164 2.84302e-08 -0.0151859  
67.7642 2.68201e-08 -0.0147498  
69.7748 2.52974e-08 -0.0143252  
71.7854 2.39007e-08 -0.0139243  
73.9217 2.25398e-08 -0.0135223  
76.1208 2.12568e-08 -0.0131319  
78.3827 2.00481e-08 -0.0127532  
80.6447 1.89396e-08 -0.0123958  
83.0323 1.78664e-08 -0.0120396  
85.4827 1.68571e-08 -0.0116947  
88.0588 1.58855e-08 -0.0113527  
90.6349 1.49956e-08 -0.0110303  
93.2739 1.41593e-08 -0.0107183  
96.0385 1.3356e-08 -0.01041  
98.8659 1.26032e-08 -0.0101124  
101.819 1.18829e-08 -0.00981922  
104.835 1.12091e-08 -0.00953685  
107.914 1.05788e-08 -0.00926487  
111.118 9.97755e-09 -0.00899779  
114.385 9.4158e-09 -0.00874087  
117.715 8.89069e-09 -0.00849368  
121.234 8.38219e-09 -0.00824724  
124.815 7.90812e-09 -0.00801067  
128.46 7.46586e-09 -0.00778348  
132.292 7.03958e-09 -0.00755804  
136.188 6.64267e-09 -0.0073419  
140.209 6.26715e-09 -0.00713138  
144.356 5.91229e-09 -0.00692656  
148.566 5.58201e-09 -0.00673033  
152.964 5.26565e-09 -0.00653685  
157.488 4.96751e-09 -0.00634911  
162.138 4.68671e-09 -0.00616707  
166.913 4.42241e-09 -0.00599067  
171.877 4.17068e-09 -0.00581769  
176.903 3.93705e-09 -0.00565241  
182.181 3.71225e-09 -0.00548868  
187.522 3.50382e-09 -0.00533238  
193.051 3.306e-09 -0.00517967  
198.769 3.11855e-09 -0.00503069  
204.612 2.94298e-09 -0.00488704  
210.644 2.77686e-09 -0.00474711  
216.864 2.61985e-09 -0.00461096  
223.273 2.47162e-09 -0.00447862  
229.87 2.33179e-09 -0.00435009  
236.656 2.19999e-09 -0.00422537  
243.631 2.07584e-09 -0.00410442  
250.856 1.95798e-09 -0.00398621  
258.27 1.84718e-09 -0.00387178  
265.873 1.74305e-09 -0.00376107  
273.727 1.64447e-09 -0.00365317  
281.832 1.55124e-09 -0.00354811  
290.126 1.46382e-09 -0.00344669  
298.671 1.38126e-09 -0.00334808  
307.531 1.30283e-09 -0.00325163  
316.578 1.22942e-09 -0.00315871  
325.94 1.15981e-09 -0.00306798  
335.554 1.09431e-09 -0.00298009  
345.481 1.03233e-09 -0.00289446  
355.66 9.74083e-10 -0.00281163  
366.153 9.19055e-10 -0.00273106  
376.96 8.67114e-10 -0.00265276  
