# Status file for ctqmc. Used to save all times t_s, t_e.
2
76
2.629856077174907 0.4443853365574313 0 0
4.608925334376761 4.534145461591625 0 0
5.05872692006689 4.963990522313428 0 0
5.951546360692149 5.141055911126072 0 0
6.801518022935837 5.959790017462034 0 0
8.602471731665878 8.381043474907495 0 0
10.25171382613063 9.761054405042854 0 0
11.69550731682182 11.08764043876577 0 0
12.53574909549061 11.76101708060632 0 0
13.79560039546606 12.68791940116163 0 0
19.4496642206025 13.89833408787273 0 0
20.53586920283163 19.46465909998662 0 0
21.89881244957415 21.89155949264923 0 0
24.15271128605353 23.74969615744096 0 0
24.73238201897195 24.47342290705631 0 0
27.21106993026937 25.23031615497383 0 0
28.15565512331837 27.55615225762802 0 0
30.86561368877159 28.23216622325651 0 0
31.66365434520171 31.28383519347445 0 0
32.22469001348016 31.88910152716358 0 0
32.46711594018375 32.42085997053917 0 0
33.10984730317814 32.48270220421622 0 0
33.75365533606933 33.53465894923165 0 0
35.28107383327762 35.24408563281975 0 0
36.65021542910659 35.52475831336707 0 0
37.10867373059332 36.98723575990946 0 0
38.32218677835094 37.81372353420024 0 0
39.06929937111735 38.80257615645468 0 0
39.29507020077427 39.27086979801098 0 0
40.16435201385918 39.72949848785917 0 0
41.41469592543459 41.07026637015203 0 0
42.9936890090309 42.53935760575947 0 0
44.09348130154961 43.73778396918496 0 0
45.18925742069717 44.68110505655584 0 0
45.60766554152838 45.40401706339443 0 0
46.98154294197276 46.04609015470786 0 0
47.63231139007166 47.41375849259202 0 0
49.12440633723514 48.28124469869384 0 0
49.48130773824408 49.15500549344447 0 0
51.17997423042379 51.03277718864843 0 0
53.59038111229157 51.34914569271945 0 0
54.33906278429561 54.01385320398693 0 0
55.40668421305791 54.41024512383417 0 0
56.33757695369129 55.67391382582377 0 0
60.71424292756581 59.07891798384267 0 0
61.2383897812557 60.71819044739399 0 0
61.66414027037067 61.28546752353125 0 0
61.80727268327925 61.715769940114 0 0
66.13515501208366 65.9995813795515 0 0
66.59469430092943 66.5510990356657 0 0
66.85043764068594 66.78015650411498 0 0
69.96043106703505 67.18922546508414 0 0
70.55961012455749 70.46349462904435 0 0
71.30154099326887 70.72600255809338 0 0
71.74425356967434 71.48393002701874 0 0
73.3380094216987 72.29877903239313 0 0
73.74401945260529 73.38241135254687 0 0
74.15651341502721 74.02357632816833 0 0
76.01784172273427 75.2155961764381 0 0
79.10466543042986 76.04772098382755 0 0
79.72266363410814 79.10804828552916 0 0
80.98147437143734 80.31299261753541 0 0
82.88698779496245 82.15114930847217 0 0
84.34125653116038 83.94503550641817 0 0
85.04263542756125 84.36024702552923 0 0
86.53184330113396 85.44301122534226 0 0
88.7392708577696 87.64433693913315 0 0
90.90847080868942 88.95576515617343 0 0
91.16528627570264 91.051964675528 0 0
93.76797626453281 91.22640764738252 0 0
96.37159664862307 95.23467459125362 0 0
96.77220053685485 96.57915109905579 0 0
97.38167080180946 96.77276135200756 0 0
99.06611664189536 97.71346545768303 0 0
99.0849010931221 99.0705483527433 0 0
99.6109551436719 99.4024024180747 0 0
73
0.3646308516239101 0.05658106593054413 0 0
1.179399297690472 0.7965930130662022 0 0
1.343110302001191 1.183787139992839 0 0
1.821117163005114 1.474729499485934 0 0
2.139036178718643 1.897053467087398 0 0
4.39815802691218 2.26061972117343 0 0
6.205489801203223 5.809705478251769 0 0
7.92385290589876 6.236338113235734 0 0
10.32147792227035 8.141130487210818 0 0
11.12343764531935 10.85719846869903 0 0
11.88529114421612 11.59957077808822 0 0
12.05226549934856 11.89892308707263 0 0
17.23365717859036 17.00437806256129 0 0
17.96476807795798 17.68564338846108 0 0
19.69010140097447 19.60384747397055 0 0
21.36019227356469 20.11127614656195 0 0
24.40594637674534 23.68907730746096 0 0
26.59886063456872 26.55074242939804 0 0
27.59493336157607 27.14293853378883 0 0
28.21175051811508 28.05541869765733 0 0
34.55222469788917 30.25600243993561 0 0
35.632125640867 34.98375947458882 0 0
35.98713562216341 35.85557376791111 0 0
39.0620399684807 36.61023932076272 0 0
40.3100340378741 40.05134292801682 0 0
41.25215308278415 40.46758141848623 0 0
43.21799514252888 41.53619786079113 0 0
44.87733174217793 44.55243796099352 0 0
45.19289350132475 45.10193713820986 0 0
45.24838657304672 45.20511075610759 0 0
46.08962755595856 45.4081502042667 0 0
47.57714712865012 47.45396580745331 0 0
48.61279103089505 47.85952392652868 0 0
49.5148225647884 49.44274455443716 0 0
49.88720348477842 49.58374213569068 0 0
50.4243121469716 50.04351531161451 0 0
51.10616608511413 50.47603747045675 0 0
51.27954997558713 51.16112292220411 0 0
51.53739167491944 51.3461557378419 0 0
52.2830757195356 52.26807026757673 0 0
52.72073669278465 52.50739990988897 0 0
57.23583086945526 57.08014005813529 0 0
57.85676931816992 57.6513299929623 0 0
59.22841044231392 58.99346021114046 0 0
59.59681441813043 59.58966542633981 0 0
61.27542596761141 61.13777529061361 0 0
62.1335237887523 61.67948619372334 0 0
63.28439639692895 62.30310545167561 0 0
65.34555032415075 64.64436391330581 0 0
65.38854487837594 65.36420113623022 0 0
66.30248425965026 66.14535841448297 0 0
67.14206442478297 66.38553721132331 0 0
67.23574768068163 67.16102834847989 0 0
71.02890283443456 70.22408985944237 0 0
72.27120778341437 72.25452653277651 0 0
74.52368731710982 74.46627253769552 0 0
75.07758213787389 74.66998109264058 0 0
75.40803469026389 75.12179932594093 0 0
77.35386556683935 76.85156225854311 0 0
84.14414310880623 83.7810116003637 0 0
86.74394947715031 86.67557104906264 0 0
87.38041309935466 87.08888215270824 0 0
88.47394262833566 88.05217379015471 0 0
89.03832572064186 88.87597928608432 0 0
89.50558681353121 89.38220559178509 0 0
91.1633479446171 90.85651499139006 0 0
91.59503924083816 91.38192982550683 0 0
93.12488761702751 91.9625557803418 0 0
93.62357218864052 93.44161929124259 0 0
94.10197839677886 93.96413546454882 0 0
95.66846078217036 95.59866482393414 0 0
98.03779881603852 97.35899525771434 0 0
99.86033558501194 98.95366150658256 0 0
