# Status file for ctqmc. Used to save all times t_s, t_e.
2
87
2.162804389440233 0.3208671898732263 0 0
2.431403049940467 2.223674371458451 0 0
4.127880357435153 2.629812112317617 0 0
4.42463325481983 4.228001064825721 0 0
5.768933536805244 4.484088767630561 0 0
6.007077348724908 5.949094050398392 0 0
8.529851968863866 6.023101376639243 0 0
9.493855696861569 8.879859236231887 0 0
12.84437132342395 9.78220806493789 0 0
13.29964008811024 13.12776648199956 0 0
13.8177135447598 13.43365801959645 0 0
15.0105586485968 14.51909702209273 0 0
15.05795568680049 15.04178139872377 0 0
16.29502725386473 15.43499644115618 0 0
17.16387469098152 16.9777216669477 0 0
17.29115363010295 17.16470482544743 0 0
17.30538624155103 17.2912528221255 0 0
19.68875784763808 19.55442555463976 0 0
20.44982389517522 19.73728526386411 0 0
20.52517529007127 20.49212736003561 0 0
26.48099239628783 25.92583882046814 0 0
27.36702632508094 26.55021728264979 0 0
27.72204984189736 27.61130510715202 0 0
28.03726118843113 27.82929354748817 0 0
30.31128682645541 28.16346928444295 0 0
30.41615213480742 30.31240909906611 0 0
31.23550151953796 30.43082293118667 0 0
31.85145845393223 31.82169562981062 0 0
33.89888688145781 33.11552982449098 0 0
34.29788734138662 34.22267516316652 0 0
35.93641640408568 35.86316035123226 0 0
37.02146678256428 35.98714200576759 0 0
37.91982498958207 37.40494382690507 0 0
38.53700254356623 38.28678991910782 0 0
39.46534218019792 39.2199829582396 0 0
40.30785084693834 39.69410613565456 0 0
40.49277876375319 40.39296553605491 0 0
41.73176889162237 41.25794109471214 0 0
42.61288904104328 42.53820187755315 0 0
43.10613128392609 42.95062271614567 0 0
44.97779071408828 44.85227810548689 0 0
46.42382752101658 45.3151847996247 0 0
47.69158232103953 46.81211587402606 0 0
48.83211323744934 47.7263655049149 0 0
49.57110546903695 48.83215715002343 0 0
49.81849048990374 49.65598210813524 0 0
50.12908303725665 50.07503240338037 0 0
51.49483308814351 50.62261075196407 0 0
51.86353383817859 51.64533263187987 0 0
52.39556370108861 51.93214951675424 0 0
54.13507625687885 52.48005475874812 0 0
54.62910515949088 54.58440640956209 0 0
55.49543027197021 55.46656718408217 0 0
56.1498444697202 55.76565599803953 0 0
57.42747031690246 57.10462821447154 0 0
58.39512797464809 58.24321684599662 0 0
58.71152955738945 58.51442936010187 0 0
61.51479800898802 61.06555168782421 0 0
61.66642756343119 61.57463207660904 0 0
63.053737830933 62.96888887238494 0 0
65.47200318485729 65.03793340796155 0 0
65.6588608960158 65.51401302291464 0 0
66.44129491082012 66.41785503515636 0 0
67.79120490861061 67.48216142098738 0 0
70.03728740122509 68.34457583279659 0 0
71.4067377394277 70.72436336548257 0 0
72.51127523058508 71.6972896604605 0 0
72.73267897567182 72.6938457185058 0 0
74.06295615064008 73.22627312180664 0 0
76.26153732017576 74.25431345622687 0 0
76.66279522529351 76.50697938327085 0 0
79.13231708336932 76.70406560159867 0 0
80.6769501092184 79.93075690701066 0 0
83.18361345032982 80.98481175168253 0 0
83.45318506555022 83.39511003573004 0 0
84.86331660927127 83.60284180760134 0 0
85.51848408751754 85.09862806426455 0 0
85.79292066299679 85.70521031516324 0 0
89.54832458769032 89.13466881543155 0 0
91.45041939113887 91.39344752325736 0 0
91.96110220723021 91.76510636749985 0 0
92.93933412283297 92.27102628150048 0 0
94.58200732543622 94.0131121952212 0 0
95.23559144840608 94.61449401578605 0 0
96.61508672355552 95.74482378541114 0 0
96.90383332069574 96.62717161243386 0 0
97.29033680825299 97.03396792298153 0 0
73
0.2983838567398731 0.2936124124390775 0 0
1.073404310266152 1.063838399793786 0 0
1.746789225055489 1.418365426139802 0 0
2.153674674525696 1.917894064822655 0 0
2.574818678354983 2.573355072969911 0 0
3.586041775852776 3.393900124504138 0 0
5.303501975299445 5.058604847360164 0 0
5.989150173391412 5.966164560672113 0 0
6.525018337309829 6.223909644575232 0 0
6.796544503861139 6.789840351902373 0 0
8.298896277398519 8.184558668829071 0 0
9.066107790156696 8.42354504575288 0 0
11.53425127417321 10.72571868934195 0 0
13.61987217728319 12.98214275857875 0 0
14.65550062674015 14.14544871229321 0 0
14.84579049642057 14.80301011962996 0 0
15.6004206050824 14.93371659656579 0 0
16.17563765458991 15.77004856106879 0 0
18.11212262654105 18.08565999303171 0 0
19.26707915694785 18.49764089940244 0 0
19.98720821163561 19.86571987416385 0 0
21.52917628161585 20.27196486263192 0 0
23.26246088882601 22.51792304180092 0 0
24.57315869428539 23.72635676065665 0 0
25.55137888325428 24.67621803054925 0 0
31.8509334548852 31.2723213140238 0 0
33.63167336766374 32.64764363644088 0 0
33.76178611525919 33.67546970591423 0 0
34.51418425629925 34.22959606600141 0 0
35.7292243591568 35.29550109653074 0 0
38.30520132286919 38.14095787519837 0 0
41.03029084998067 39.9032827127651 0 0
42.25109526202253 41.04886412126896 0 0
42.51808861807911 42.47572495339685 0 0
44.85057566132229 42.74169674677196 0 0
45.43037303879638 45.05761665052209 0 0
47.12732477451338 46.03803914519632 0 0
47.88104735720599 47.77263175259844 0 0
48.27289757912389 47.94025359373349 0 0
49.51613790664226 49.38752421568504 0 0
50.05410844684558 49.79013252194502 0 0
50.74313549274485 50.09567973371254 0 0
52.90058570841227 52.16576732753312 0 0
57.91822346076879 54.26982834583631 0 0
59.82727683730567 58.18433846692148 0 0
60.64506654500551 59.94947588800929 0 0
62.91655995506457 62.00793417603765 0 0
63.01356147864913 62.99167211925499 0 0
64.48956327926371 64.05928944112647 0 0
66.14148141320737 65.40710210274366 0 0
66.66791341881171 66.21581577197487 0 0
68.31501052556922 68.28126382332557 0 0
68.97336377066904 68.95550852712387 0 0
69.29705237453798 69.08514226122368 0 0
70.1578103092175 69.67969070208905 0 0
70.40487302994494 70.1914268001009 0 0
72.99720797151042 72.16949665657125 0 0
76.14420399957082 75.58147056809811 0 0
76.88219522349027 76.81274751489096 0 0
77.5245995224398 77.21775049842236 0 0
77.77229094514105 77.69244059483566 0 0
79.72098694681287 78.67301003206018 0 0
83.18445956422352 83.16316656738159 0 0
86.52287386845641 84.86077204352587 0 0
87.37610783972188 86.91836248782556 0 0
88.57244199058259 87.43942483690786 0 0
88.83031181827474 88.65564900364778 0 0
92.19305344723657 89.40856014285127 0 0
92.65481118407365 92.21057378653646 0 0
94.12773854917633 93.80766090459799 0 0
97.12880482803558 94.17405254434796 0 0
98.48709192208929 97.34691661512194 0 0
99.58067827975106 98.72946630378175 0 0
