# Status file for ctqmc. Used to save all times t_s, t_e.
2
85
1.286802411207741 1.132759966598138 0 0
2.485296081347515 2.275639090706862 0 0
6.033954747498124 3.9299966096962 0 0
6.645806642174128 6.473658179571681 0 0
10.03830298893119 8.226482693025742 0 0
10.25441479573842 10.04022610217804 0 0
11.31321190308452 10.72228366462572 0 0
12.71315079990929 11.82354088889896 0 0
12.77309498877901 12.73392217575768 0 0
13.75051858654054 13.07552011469211 0 0
14.84311871958787 14.43629519377768 0 0
16.4805688947299 15.27293288176437 0 0
17.52031781823635 17.28212926179929 0 0
19.10080638286472 19.07727004995287 0 0
19.14646999139149 19.10500627704334 0 0
19.62155938902774 19.45827020685652 0 0
19.82281757386152 19.66171232125935 0 0
20.00583604492926 19.83483399534252 0 0
23.76744286294062 22.62890842128514 0 0
24.3303060058042 23.88289965442651 0 0
24.94222702753057 24.69678718827468 0 0
29.49823042385596 25.93231903759829 0 0
29.59779925980387 29.55208358203848 0 0
30.49095311962698 29.73204549645082 0 0
31.10183153289025 30.97549248225573 0 0
33.57521479936591 32.50997295975185 0 0
35.04096529183268 34.18916888076328 0 0
36.42570785391922 35.43323535823673 0 0
36.53627101385663 36.42862684161661 0 0
37.82550132432079 37.14339174880418 0 0
40.41881310354521 39.60000813428415 0 0
40.93259603331267 40.61624400526399 0 0
41.78130753031523 41.37600869658041 0 0
41.93109481680837 41.86000084862342 0 0
43.45623045205513 42.69745459929162 0 0
44.15722370827819 44.11122418951081 0 0
44.38401859485123 44.37022905721936 0 0
45.07987231904628 44.72469107425552 0 0
47.65761561333812 45.16459809139683 0 0
48.09961364224592 47.80344996445137 0 0
48.5350105597398 48.12880034089589 0 0
49.26178112651477 48.89538201464196 0 0
49.59277007458997 49.29853841204264 0 0
50.37189934465625 49.9922558509729 0 0
51.53029550154358 50.73240502746192 0 0
52.29303902553558 51.57106799738484 0 0
53.16561397209834 52.69907404923772 0 0
58.99602148573999 58.08387146978767 0 0
59.23732383411063 59.029863383152 0 0
60.08816823066091 60.03877976396469 0 0
61.39809430178864 60.20145554526373 0 0
62.18586668554315 62.16362112161206 0 0
64.01575453117316 62.42840191860009 0 0
65.01970104679171 64.1619597712383 0 0
65.92601541473724 65.84159019657629 0 0
66.20440885426252 65.99275542387828 0 0
67.92362534133424 67.69249698049734 0 0
68.34409368513205 68.28285420952911 0 0
68.71124151577648 68.40858551495432 0 0
70.67413537849681 69.34647422126932 0 0
71.17884952528925 71.0341568614253 0 0
73.24801259186839 71.4061849626804 0 0
73.90088049613442 73.83841510245512 0 0
74.55419050800558 74.33096130606772 0 0
75.87851009142079 75.61828064082732 0 0
78.24024657312668 77.47477071539846 0 0
78.72360300915875 78.44437871926705 0 0
80.07050018926768 78.73336670317815 0 0
80.45266605399502 80.43153011542553 0 0
80.81979778988881 80.70377948181205 0 0
82.09124391841783 81.63793260045105 0 0
85.5318651703071 82.68989598768056 0 0
86.33073468428478 86.16201379361898 0 0
87.74809544998537 86.73812321943841 0 0
89.36544165559093 87.91077883826115 0 0
90.84821481796179 89.5704247344014 0 0
90.94885413450932 90.87074992874872 0 0
93.50935203535485 92.00715229081706 0 0
93.81680976132505 93.55258831901072 0 0
95.69239388113782 95.49988751103649 0 0
96.63686778697196 96.00798164397493 0 0
96.67509467135343 96.64755823848725 0 0
97.36939033962841 97.126994568584 0 0
99.30226352617836 98.07664374062527 0 0
99.53356581863113 99.5329384586131 0 0
78
0.5100447951219849 0.1562791002021413 0 0
2.483053169591898 1.330974088141758 0 0
3.802356350984559 2.716789917336045 0 0
7.484034365288025 6.582728807269269 0 0
8.49646065900602 8.332101369524102 0 0
10.70263830099043 10.03672183166895 0 0
12.51936714904015 10.71038355158818 0 0
13.17672595065666 12.72896383681445 0 0
14.12834324222595 13.88703562262808 0 0
18.09844857962023 17.57091753021835 0 0
20.42052059258607 20.2465302514338 0 0
22.84095586909515 20.44727175221812 0 0
22.9954770268212 22.87457346130986 0 0
24.35994666231961 23.45045425114525 0 0
25.98718788470098 24.91490895547118 0 0
27.8287870651158 27.82471933857111 0 0
28.31972649553902 28.13594638531819 0 0
29.46420786324461 28.82423039759113 0 0
30.16497598482025 29.68128027044438 0 0
30.85015401333321 30.4257220783538 0 0
31.81326288799497 31.04046247773157 0 0
32.18909330346887 31.82761794634955 0 0
32.45371112238414 32.41342247414195 0 0
32.84924212547732 32.72057445748762 0 0
34.0006610370164 33.78563676158224 0 0
34.84673527290592 34.52558908464115 0 0
36.45466726073256 36.35632003967764 0 0
37.08445346372859 36.58751873691921 0 0
39.68686448158492 38.71650960601128 0 0
41.3019022867074 41.22786885085441 0 0
41.74667809767495 41.63848387353643 0 0
42.52665126417826 41.76361755106246 0 0
42.62412535818806 42.58783759730842 0 0
43.05270330527693 42.6727182772061 0 0
43.86782069933469 43.36019182185652 0 0
44.84131324752391 44.17819102308547 0 0
45.25821515602811 45.08618408176231 0 0
46.64571671948105 46.02690134541234 0 0
47.25820891928738 47.25198825281609 0 0
50.87911122398701 49.47081133826077 0 0
51.24633906831562 50.95782473173876 0 0
51.87165072982975 51.54224753450303 0 0
52.53248877072434 51.96384120232317 0 0
53.84211516267612 53.31078304351098 0 0
56.91410612503451 54.20896799953122 0 0
57.37882654369153 57.18067467972614 0 0
59.96470507095651 58.94920174368943 0 0
63.23361420292887 61.73851613513492 0 0
64.60613912521418 63.4285367020876 0 0
65.32390622269457 65.04211989322829 0 0
65.70016783179278 65.40666226539112 0 0
69.48580346138873 67.53396615198012 0 0
69.94308077962116 69.82926966981789 0 0
70.53582412667538 70.13699690492845 0 0
72.30976248080296 70.57705739399388 0 0
73.46703220093124 73.24605556348223 0 0
74.13634262664611 73.79340185868608 0 0
74.30728233639408 74.18792245899088 0 0
75.15131834968543 74.3335545119551 0 0
76.88942028903989 75.33127597131465 0 0
77.50751096356161 77.10530234514488 0 0
78.43389326264054 78.34535801635452 0 0
80.71815074410874 79.85309796055617 0 0
83.93566013955544 80.97062462245773 0 0
86.04411629878926 85.68485005164794 0 0
86.15541623585993 86.14088656655083 0 0
88.12641899492948 87.44369131870519 0 0
88.91089420167499 88.16256527748249 0 0
89.60385610816103 89.1285206457277 0 0
90.21060917531911 89.83943841912004 0 0
90.82700448889484 90.57249469492642 0 0
91.37164559603417 90.91207623119772 0 0
92.166712861894 91.47121970411278 0 0
94.12932143950171 94.04093651123578 0 0
95.40336566654707 94.8987668661626 0 0
98.0511630863745 98.03229492306752 0 0
98.51599593227795 98.27043420831968 0 0
98.97952879167947 98.5456101118881 0 0
