# Status file for ctqmc. Used to save all times t_s, t_e.
2
72
0.5751126102664159 1.573262754618725 0 0
2.278495130638381 2.324186475424217 0 0
2.412070074695145 2.689664048839278 0 0
2.886877840101006 3.140396230134727 0 0
4.201223294956137 4.246933997848623 0 0
4.427326107325013 4.941717817697805 0 0
6.740514867744793 6.953349675198279 0 0
7.00057168847289 7.310687500146072 0 0
9.117942377675899 10.71475435251993 0 0
11.51235677853107 12.61995438979644 0 0
12.63101343420935 14.33784597161918 0 0
14.4199819562894 15.44075432156677 0 0
15.44077812943952 17.17927998151324 0 0
17.18328327574559 18.14155335807786 0 0
18.49056737208075 18.99271736028606 0 0
19.02313747984618 22.60916151540728 0 0
23.81988231084087 25.67334127151436 0 0
25.94377895269285 26.13510048240467 0 0
26.99480457209998 27.43959668199535 0 0
28.02890717211191 28.09712557035098 0 0
28.58455229233614 29.04602085271291 0 0
29.40823261817559 30.74848423730056 0 0
30.91714728044379 31.85634299788946 0 0
32.11792357116592 32.20938403047533 0 0
32.4996661802582 32.67027941557092 0 0
32.70095272708054 32.81925791659763 0 0
33.84753010845749 33.87224824475778 0 0
37.20094423072779 37.66296902255082 0 0
37.83701056515109 38.26899635572077 0 0
38.43285551861081 38.99106891527391 0 0
39.15597523549697 39.41855030193384 0 0
40.81591672645143 41.71579935179734 0 0
42.33650838417928 42.8984410556069 0 0
43.06965019614151 44.71884464424957 0 0
45.20504599718219 45.32695153034138 0 0
45.80449973029471 45.86907981953021 0 0
45.94403380465664 46.76907480259612 0 0
47.5894423876279 48.73193231872973 0 0
48.80447769642452 49.06689971081769 0 0
49.06827886316646 50.28733616845267 0 0
50.64659213829813 52.45009429922005 0 0
52.8894605520018 54.82141789913173 0 0
54.88640986118943 54.88724116108497 0 0
54.9560259604061 55.44042979875376 0 0
56.23625242885689 56.63061645205561 0 0
56.63985698033179 56.7476488578428 0 0
56.87183366625333 57.4252960000065 0 0
58.34522139162412 59.90258968519419 0 0
60.08614599937757 60.8484322804769 0 0
61.09896858689324 61.10685625342889 0 0
61.6342628685716 61.71278841453003 0 0
62.01496287889832 62.40292212064559 0 0
63.32786341470538 63.36909410528249 0 0
63.63201023683163 63.98586340501209 0 0
64.02660988246207 65.99019171849056 0 0
66.02940745741473 66.30759501691172 0 0
66.65050146845917 68.56057417086848 0 0
70.03154861520566 70.81849563014683 0 0
71.09118333795828 72.54426574459829 0 0
72.96318723764402 73.23483563923342 0 0
74.38701045409633 74.75556859022021 0 0
74.76569945981683 76.18391961758417 0 0
76.55842946910073 76.87929635435387 0 0
77.09948026048725 78.87435156441246 0 0
79.05389105433616 80.2819666429467 0 0
83.05723160198218 83.24980289374017 0 0
83.6390743044547 85.35476634652058 0 0
85.50650119378324 86.45986779700424 0 0
86.79201727465092 86.89649535599199 0 0
87.06047727947707 87.43009546381951 0 0
87.63261868966943 94.22616106087852 0 0
94.27605630228608 94.43737547317721 0 0
74
0.3527865282784148 1.151182995941019 0 0
1.598727786818288 1.821199667876278 0 0
1.870956972428865 1.986284871251654 0 0
3.339826463413513 3.517069501955125 0 0
5.393337276103828 5.890408671716738 0 0
6.170359676032196 7.179658072169705 0 0
7.665869176931364 8.220840634560357 0 0
9.047789560254341 9.38229361036252 0 0
9.494234988457475 9.571824034344043 0 0
10.45631402416739 11.0952628830975 0 0
11.39346895082241 11.4552761619476 0 0
15.26732533684621 15.3938144869333 0 0
16.42889706066388 16.54203058103329 0 0
16.73449485218146 16.7788341014709 0 0
17.16617175537874 17.94896688021303 0 0
18.06350629431448 18.21568794314882 0 0
18.40958850496534 18.56666880036926 0 0
18.75476096293411 19.48350653748254 0 0
19.67248105565002 19.6850050617531 0 0
19.83803616647167 19.98442161226535 0 0
22.47016831228207 22.66124594433903 0 0
23.02949252751231 23.18875541127056 0 0
23.22764910930985 24.00696335203828 0 0
27.64394128259468 28.75241593662069 0 0
29.31005275434294 29.36099312653308 0 0
29.53619886507959 29.54711701244514 0 0
30.1633011610982 30.1905785453437 0 0
31.00973782809542 31.22068325770934 0 0
31.59990908882034 33.2094895666358 0 0
33.40084358329559 34.47569799499153 0 0
34.61226970070311 34.8927103888137 0 0
35.16308376099568 35.60534080767967 0 0
35.80238310017983 37.41450235656837 0 0
38.03851159049021 38.16112981582695 0 0
38.17711692415078 38.89995336593822 0 0
39.4281276454313 41.13513817429634 0 0
41.78328892716485 42.50397609168482 0 0
44.02868084357408 45.08741302519983 0 0
45.18630802934521 46.07987927496524 0 0
46.4587340832888 46.64844282339166 0 0
47.09822530562442 47.22398559836725 0 0
47.31704585044929 47.4547822604152 0 0
49.03847133469512 49.10502609896878 0 0
49.7970306017965 52.51704932300969 0 0
54.690823012194 54.73777152800283 0 0
54.80528212877542 54.90381363279321 0 0
55.39267209121495 55.56451593684429 0 0
55.59133101553764 55.8011523503379 0 0
56.55716379948572 56.65337173182539 0 0
57.31186388396721 58.42164335406638 0 0
60.62571545637797 61.89071755485276 0 0
62.06306293696037 62.73600310505474 0 0
62.755107963465 64.1151570179252 0 0
64.76332209982149 64.83803449539637 0 0
69.01549138066756 69.02110020749662 0 0
69.19801969943084 70.52541818285857 0 0
70.62448856525916 70.97554730262621 0 0
71.06372299036046 71.30413961841663 0 0
71.32663311671963 71.89710673351362 0 0
71.90932586973916 74.01644941500432 0 0
75.49719728935924 75.70154346988164 0 0
76.3341336804752 76.39952894993809 0 0
77.38046796038121 77.40202063848626 0 0
77.54275354215815 77.71161843520754 0 0
79.9543041706488 80.61278977664665 0 0
83.13076387943134 83.32609801732376 0 0
83.89329344287077 84.04095134101439 0 0
85.78297473679979 86.0904179478572 0 0
86.54103096259124 86.83878299525519 0 0
92.82990048543536 92.95590176228318 0 0
93.18632190670652 93.33648118904104 0 0
93.75129018200685 94.58488477919261 0 0
96.55168457229387 97.35639358855082 0 0
97.77524030851029 99.97819191230907 0 0
