# Status file for ctqmc. Used to save all times t_s, t_e.
2
78
0.5560802394610818 1.175481577294776 0 0
1.583871904003479 4.649280729994 0 0
4.709305399087413 5.13425836935499 0 0
5.148219401892291 5.64287744230396 0 0
6.005905308243408 7.316822625226534 0 0
7.425681274989549 7.435697042793111 0 0
7.474510898415271 7.826116048773558 0 0
8.483359853426583 10.01090104523531 0 0
12.87375764440499 12.99267839434464 0 0
14.06298372991862 14.14148508370165 0 0
14.39844292922072 14.4154017764415 0 0
17.9743494651005 18.56820475596466 0 0
18.74945787126026 20.66677214923745 0 0
20.72915615789598 21.63424345462627 0 0
22.20391978110503 22.57654890845344 0 0
23.14835091190885 24.03686229653304 0 0
25.11255354390554 25.41030280520718 0 0
25.54239951731995 25.63747957600127 0 0
26.24837127208619 26.55195225605094 0 0
26.66288989866955 26.72310462689034 0 0
32.80040047005679 32.90589058355843 0 0
32.94820730316471 33.07129040734995 0 0
33.45096633512485 34.82208407340396 0 0
35.68146793174554 38.22974445509659 0 0
38.45644831821379 38.62462591483198 0 0
39.7301247630413 39.79063688797712 0 0
40.1519554574549 41.18959706964235 0 0
41.70640129886853 42.22466114455321 0 0
42.77822639436661 42.89116481051384 0 0
42.92554763721176 47.12750237038129 0 0
47.17919707464684 48.15470268348706 0 0
48.23826660275567 48.4429243896672 0 0
48.84962169710515 49.9636632944663 0 0
50.35777841737728 50.68478205332929 0 0
50.89260375217062 51.23344677233622 0 0
51.57375711376163 52.02706781699219 0 0
52.05941795806314 52.79608527230525 0 0
53.04737374299268 53.1460875436892 0 0
54.80520108592221 55.8430232306134 0 0
55.86034885082468 56.03386091529099 0 0
56.10870732855883 59.36681526387468 0 0
59.71384428480824 60.58503831443072 0 0
60.82192123358371 61.03853575612345 0 0
61.28711634814857 62.28223265834948 0 0
62.7673419983714 63.48805974297194 0 0
63.65002466616328 63.79030047158952 0 0
64.03568293172678 66.5211099188607 0 0
67.47810049862771 67.48165677438881 0 0
68.52663619111283 68.55827711070013 0 0
69.2888242997153 69.6530460186343 0 0
69.66658003381949 69.77046761118397 0 0
70.11943002361649 70.61534971601893 0 0
72.66745660498415 72.81424124178618 0 0
74.84523424018118 75.28086824684415 0 0
75.32577936240106 75.79115088143803 0 0
76.07971836823556 76.64352781457094 0 0
76.65906210459765 76.95610398403872 0 0
77.2498708679439 77.41709210842269 0 0
77.71512964997376 78.20030270427978 0 0
78.81842006853411 79.40113528752151 0 0
79.50967436659739 80.78947970047935 0 0
80.84666755230523 80.93246043945433 0 0
81.17553652377437 83.43081406096812 0 0
84.32019848291422 84.62477624231478 0 0
85.20834293757133 85.23559016625238 0 0
85.39216844663814 85.40409592928094 0 0
85.63209482288872 86.01561818433048 0 0
86.86594633866362 87.10386966195962 0 0
88.01721027434566 88.14421971522367 0 0
88.36706485692308 88.37332047997883 0 0
88.72168559080779 92.04631841300966 0 0
92.22766596148901 92.38357076859921 0 0
92.46096232777445 92.73872737980975 0 0
93.1336531020594 94.59879517065524 0 0
94.79564669820634 95.7535779637101 0 0
96.10741656907948 96.59119664548095 0 0
96.72148392531267 97.3707685047109 0 0
97.85895424230175 99.84657064513677 0 0
72
0.3082798752861606 0.4991323061742318 0 0
1.000483194949946 1.377591603912608 0 0
6.423835967229718 6.978606087362987 0 0
7.121664146588329 7.12725309801892 0 0
7.522188561319513 8.468514576205891 0 0
10.25999152673319 11.78732635228634 0 0
11.84184702852871 12.430494433885 0 0
12.5431982512446 12.63595193398457 0 0
12.78954533107056 12.87973132037971 0 0
13.07229415452269 13.48679670002089 0 0
13.67967081544537 13.81170474378048 0 0
14.25986545789292 16.26705013696116 0 0
16.46029611595399 17.1014103778588 0 0
17.79151384816373 17.81236077763937 0 0
18.80644083352893 21.49284299178409 0 0
21.6701551728909 21.70765304811904 0 0
23.08279888459595 23.49310165041016 0 0
23.54214858965931 24.0632696808295 0 0
24.18075414210518 24.42101220523874 0 0
24.56771257525907 25.91102442394763 0 0
26.01575524447194 29.51166941020477 0 0
29.71307702764462 29.72063641605958 0 0
30.0166510136744 30.82667488166833 0 0
30.84987404381912 32.10257327503599 0 0
32.31307000935887 33.61471123639057 0 0
35.36671953503056 35.84900643789085 0 0
36.98347320159635 37.71581088276713 0 0
38.73418629321165 39.58847485707551 0 0
42.34093675172478 43.00952565068231 0 0
43.41398510519699 43.51173918297964 0 0
44.80948542033342 44.93938313059451 0 0
45.09670290144027 45.13618429891946 0 0
46.5954887911865 46.67610315321693 0 0
49.31523187714749 49.31648795852892 0 0
51.00563042590274 51.43786776806911 0 0
53.17206307241807 53.26727259233736 0 0
55.29210916735487 55.37136056261024 0 0
57.24079581259257 59.53243623712862 0 0
59.66572887738638 60.04303866183866 0 0
60.29227494543528 61.19517352663666 0 0
62.3403938450031 62.38724049149364 0 0
62.50345756154317 62.54757820783581 0 0
62.99335713523537 63.15204709391089 0 0
63.35310209577091 63.91060220832403 0 0
64.99125335083636 66.42435760390401 0 0
66.7016235015054 67.64669819230151 0 0
67.8211651474773 69.3081240986192 0 0
69.55790258299872 70.79275970203922 0 0
71.04700211972794 72.34421252007613 0 0
72.40909370560699 72.52623095806288 0 0
72.53909319982137 73.58430669017382 0 0
73.58826061009981 74.47447344281514 0 0
74.67798559443669 75.05487329470378 0 0
76.74869847878314 77.34541161505284 0 0
77.61542035394407 77.65319322325659 0 0
78.42338534070105 78.62254769593035 0 0
81.39696099666698 81.50710380762199 0 0
81.5857011251354 81.74589056137995 0 0
81.99880441834659 82.21606877456428 0 0
82.64895648086895 82.68798821507875 0 0
83.35060028465452 83.88055874342594 0 0
84.66563291271666 84.67496272782648 0 0
85.9621702368986 86.57878449903302 0 0
86.67107343206594 88.23861621634394 0 0
88.96299039783159 89.21862122622244 0 0
91.58478082750867 91.74093641669225 0 0
91.78844317066279 92.03294084128612 0 0
94.12401888892555 94.3107214553872 0 0
95.63277965263619 96.11314557889791 0 0
96.18923497805724 96.49146821133347 0 0
97.50189406457575 97.76629343624855 0 0
97.93580457715559 98.34968074809836 0 0
