# Status file for ctqmc. Used to save all times t_s, t_e.
2
76
0.05282354015497503 0.1654227942004789 0 0
0.3920190426473441 0.4347222063799576 0 0
0.6637677902846308 1.109767232964988 0 0
2.166109008573645 2.287771621821534 0 0
2.691213357426701 3.047472520647932 0 0
3.176877903552511 3.332749603561087 0 0
4.205229650597699 4.445555607813095 0 0
4.530221194585169 4.665287720247342 0 0
4.666878941056543 5.082607033722306 0 0
5.223511471891784 6.106980839720499 0 0
6.159639398784515 6.893876341932355 0 0
6.934271802980875 7.560559125442962 0 0
8.008251272630993 8.718119904151752 0 0
10.98450004623258 12.56636062811151 0 0
12.79673968882597 15.53786954739683 0 0
16.13814247758874 16.57079219636105 0 0
16.83147920030552 17.55086093172348 0 0
19.49712857475513 19.5718409986883 0 0
19.91143405247824 19.93137404111135 0 0
20.33455592976786 24.358085977885 0 0
24.40551480891343 24.46299955132826 0 0
24.53406539239229 24.88064108474865 0 0
25.12536758362595 25.8410262320408 0 0
26.24877023137098 26.2533694524562 0 0
26.43924252964113 28.1066026459469 0 0
28.32583683607891 31.33454257568419 0 0
31.68924911612693 31.69318450469491 0 0
31.92158680124502 32.81598411011941 0 0
33.31027365667333 33.89860818436566 0 0
35.8871603543072 36.43107570322866 0 0
37.53639110548318 37.64988368854318 0 0
38.20009861526715 38.37240956404362 0 0
39.56720739900441 39.74249174625587 0 0
39.9044668814296 40.31821367548333 0 0
40.35256039558389 40.83585220372778 0 0
41.99368701932696 43.11796085855486 0 0
43.1524521584717 44.13192940577051 0 0
44.29944838455128 44.68208995937711 0 0
45.00827518528998 46.41305407962076 0 0
47.43247072501782 47.52218160479038 0 0
48.01969963527517 48.4854770591979 0 0
48.56759736814417 49.25724016684787 0 0
49.38856944995578 49.7863689726911 0 0
51.02623790261217 52.72958242837277 0 0
53.27606498140477 53.28081059596204 0 0
54.85424090286443 55.4173584246258 0 0
55.42029712807436 55.96552492397036 0 0
57.7938773929268 58.30451244702945 0 0
61.65664435052441 61.7272182491219 0 0
61.74509625975027 62.01190609086729 0 0
62.1121616080578 62.89044321211716 0 0
63.51517629139847 64.11416881092573 0 0
64.12912746413892 65.42871456476705 0 0
66.1491562302926 67.8207934211127 0 0
68.02805473350305 68.29266280317132 0 0
69.33131876996481 69.90252978272224 0 0
70.90723915578401 71.17488002639656 0 0
71.55246675828909 71.6434272244626 0 0
72.91202366612613 74.10858089472215 0 0
74.52185778308508 74.57991034457415 0 0
76.27680158210956 77.22380849452043 0 0
77.55554272163801 78.64136631226989 0 0
79.56970423732942 80.97643373631718 0 0
81.56031538268981 81.88051656978881 0 0
82.39645751070999 82.53033794905572 0 0
82.66885458372997 84.41643568861411 0 0
84.57251249153369 85.25419489169097 0 0
86.03957156810138 87.59056365916892 0 0
88.79861430405587 89.20635061283426 0 0
89.71167099577205 89.73334528877898 0 0
90.36615671345018 91.1932356114764 0 0
92.41737982790936 92.78297162163645 0 0
93.46561415964247 94.81464561370289 0 0
96.17789200578071 96.21074357081041 0 0
96.33527691924527 96.71076423874669 0 0
96.83743978275483 97.28031160979549 0 0
87
1.098270273015141 0.07556650996708925 0 0
1.606185236335498 1.432129890925281 0 0
5.741873861642475 5.256479255166012 0 0
7.126234253314394 6.596431780434037 0 0
7.539687063711972 7.200431174326975 0 0
8.253593636061311 7.708468144481687 0 0
9.03319556807328 8.603223401018885 0 0
9.579426645053124 9.504892440307701 0 0
10.04413054672575 9.738125491073246 0 0
10.22474092208951 10.13248950640182 0 0
10.35219828988942 10.30481912863634 0 0
10.62650019191777 10.57197357062851 0 0
11.76083391850174 11.34118826364214 0 0
12.1011856529931 12.08713446205883 0 0
12.49251291197927 12.39159023593505 0 0
14.00429045266086 13.58543007239229 0 0
15.55116084433324 14.02144063577782 0 0
16.66096955792428 16.57189411832802 0 0
17.37933283556004 17.22692977885508 0 0
19.67798371045511 19.54859722239029 0 0
20.04206036991618 19.99142479380665 0 0
23.23071973476089 20.33446838853863 0 0
24.86957732308086 23.40889801928198 0 0
25.50303986298033 25.42341599302651 0 0
25.98132991577414 25.74382023417931 0 0
26.81627720686862 26.18981574631937 0 0
27.60441904124093 26.92994254023418 0 0
31.12888520678366 28.8965962160234 0 0
31.82816957063876 31.32519351680367 0 0
33.37187173173648 32.05774172147109 0 0
36.45931502144403 33.435678172162 0 0
37.14943377715858 36.74950378300062 0 0
39.0712706064725 38.4059352699684 0 0
40.76095181854292 39.89808106545749 0 0
41.02324519218269 40.93400330984787 0 0
44.21868928600622 42.17334523322626 0 0
44.87065707258324 44.78146055507449 0 0
45.56414707950987 45.46087179674691 0 0
48.43399243899427 48.02799584077111 0 0
49.12445483841228 48.49919913823365 0 0
50.35954090652642 49.62258124022038 0 0
51.50103942061624 50.86122994442823 0 0
53.01546591506127 51.6841386460877 0 0
53.30548543271867 53.05002416592301 0 0
53.67237927197234 53.57673743914231 0 0
54.7474716949152 54.36273444741724 0 0
56.06492185115447 55.08352643966494 0 0
56.23658309976111 56.15112195152818 0 0
56.43932124751471 56.29857191400107 0 0
59.30649080233459 59.25102658916115 0 0
59.94106321028251 59.9407042329868 0 0
63.82630396844003 63.8017747156103 0 0
63.94103618676174 63.93369342647188 0 0
64.79944374215034 64.04627011892998 0 0
65.97353803671712 65.6036496075901 0 0
66.3156114517413 66.28990482186974 0 0
67.60294778912473 66.32382898856875 0 0
68.1664144039799 67.77533828782464 0 0
68.35657262106763 68.24767285594187 0 0
68.79295681750477 68.44339906489343 0 0
69.42244456744798 69.30768349478767 0 0
69.77187415664113 69.44482965225555 0 0
70.02763401532724 69.83177584772196 0 0
70.8550907306068 70.60487568189129 0 0
73.33700722445252 73.31290129010247 0 0
74.00325256367688 73.45293144642474 0 0
77.21567199973536 76.36992519332841 0 0
78.16268780599295 77.37289163420135 0 0
78.90224222330865 78.7455482145549 0 0
79.26284746280625 79.22596137347146 0 0
81.13169752238693 80.62721634459116 0 0
82.73292923020146 82.15264888693001 0 0
83.11106553087107 82.8198122523448 0 0
83.85209596544968 83.28231061432318 0 0
84.25509968871621 84.07222078208031 0 0
84.68502561490126 84.64998490028876 0 0
85.00312543981725 84.78112169154437 0 0
86.45204787222653 85.50087220579758 0 0
87.10354456001799 86.57815602403622 0 0
87.63354214768925 87.59267809846661 0 0
90.03735775038732 89.73078199567409 0 0
90.79937113288074 90.62462764068833 0 0
92.77722783421835 92.63761145080358 0 0
94.45679426689948 92.91928990430247 0 0
97.58895182306254 96.90940896049668 0 0
98.29622643616823 97.94645689371112 0 0
98.68132953064531 98.3189694377994 0 0
