# Status file for ctqmc. Used to save all times t_s, t_e.
2
78
1.482647393650663 1.560738055521343 0 0
1.57653691542189 2.980046957267432 0 0
4.675703151023897 4.700813696559845 0 0
4.719571642359881 5.122746956698506 0 0
5.349584475838916 5.601621527687508 0 0
6.506196412498919 6.674966991499961 0 0
7.659912948542958 8.174870820905678 0 0
8.277865588180749 8.747148305257449 0 0
9.02322724841104 9.401552041030618 0 0
9.505635667895019 9.703234164336475 0 0
9.945062546707138 9.982223376524255 0 0
10.11917800546526 10.13401403726737 0 0
12.52492699176211 12.66034515582888 0 0
13.39203522765719 14.30757856261321 0 0
14.51230851375764 14.6307110420958 0 0
15.08261042585384 15.55118773585703 0 0
15.83351503411359 16.94267263163308 0 0
17.99113404075991 18.33376888816181 0 0
21.56490123948148 21.94677850320241 0 0
22.53412269012922 22.71169900718081 0 0
23.27990030442617 23.39672817056047 0 0
23.49129939400608 23.74562725729767 0 0
25.83438032180869 26.75382258442514 0 0
27.49510513089508 27.52017938441218 0 0
27.56959072329235 27.96937599319945 0 0
28.14625300360115 28.25845113711034 0 0
28.63998031878066 29.08352728669309 0 0
29.24297445433306 29.66351656601334 0 0
29.7724717627625 29.92992991832041 0 0
30.18528553100509 31.65361560863918 0 0
32.43496218781232 32.46210557376161 0 0
33.08020111809601 33.08256779969724 0 0
33.3909883576167 33.46167363555764 0 0
33.51213277532314 33.6363433169164 0 0
36.08000999355145 36.5785304474954 0 0
37.59054513589394 38.03461216487875 0 0
39.45199565563537 40.02665813167206 0 0
42.87466077030086 42.95967211479637 0 0
43.17690362422867 43.24975487273267 0 0
44.2892404471408 45.68857496720609 0 0
45.77490604600636 45.83336425111934 0 0
46.24634681316793 46.29658545621012 0 0
46.56260155638943 46.76464783577181 0 0
46.92299456802004 49.67243572488215 0 0
50.4474273154623 51.24276909117894 0 0
51.53252177029092 51.55401349792407 0 0
51.79338664837845 52.29723363681912 0 0
52.39939249528209 52.52291668731553 0 0
53.36782963170002 54.6056253809761 0 0
55.71673074263703 55.88699859043082 0 0
57.09279619370444 58.49830792366069 0 0
59.37868340279983 59.77680773905353 0 0
60.44637338139111 60.69217189526312 0 0
60.7038895612212 61.15930366507189 0 0
61.64446003473176 61.79176874432996 0 0
61.79411872672532 62.28391876386047 0 0
62.64616674612231 62.89564571858993 0 0
64.75828724785164 64.94621549388455 0 0
66.05432212807713 66.26987528011438 0 0
67.2694633836317 67.61001546923231 0 0
67.84137395321407 67.95370809853374 0 0
68.04376175161948 69.29354421966667 0 0
71.05535533655819 71.63394123674318 0 0
74.76939065288353 75.22742585561913 0 0
76.00012302539714 77.19083397977114 0 0
77.37021306967893 77.64982021513792 0 0
86.09303841495557 87.42681745302421 0 0
88.25928276053442 90.83317180077636 0 0
91.45479262642091 91.78649025249641 0 0
91.86569800738292 92.16205485627489 0 0
92.75734467868807 92.78958028060445 0 0
93.35572938253956 94.52426015501092 0 0
94.52504862318764 94.55406964339977 0 0
94.75106389036098 95.22722869987412 0 0
95.23435450794867 95.599446191566 0 0
96.70161301518837 96.74614004614047 0 0
98.37653461037483 98.65064034646747 0 0
99.76728268190649 99.85760171776928 0 0
72
1.891778451688898 1.792297026510514 0 0
2.31637751948217 2.117130474099591 0 0
2.877512935002412 2.761340043034564 0 0
5.565860096197437 5.498948787962923 0 0
10.4463205693491 9.864236800445857 0 0
10.86362599258649 10.68583928607179 0 0
11.46179040948884 11.13343326391534 0 0
12.90699954783805 11.74208464668475 0 0
13.64283398765974 13.53270578632145 0 0
14.22652318237888 13.77979517165689 0 0
14.53808298869428 14.40672294282319 0 0
14.85691333213415 14.76777960603305 0 0
15.22915283772066 15.1096648696583 0 0
17.38810630638552 16.12582939113024 0 0
18.69844132091656 17.90468472302971 0 0
20.57777780860943 20.18880794245747 0 0
20.85955284846981 20.58550077085352 0 0
23.00152318847454 22.6912211612406 0 0
26.77913088800176 26.32223761649122 0 0
28.0127701263854 27.87482257317744 0 0
29.1111502831031 28.6904375257741 0 0
29.957868656921 29.3194120857409 0 0
31.22541339980348 30.35048485024716 0 0
34.93410915311735 34.82868760349805 0 0
35.29542394820385 35.023291758647 0 0
36.42434088525011 35.97700305588504 0 0
38.1243238483314 37.96597719374225 0 0
38.61761352461928 38.14422387535895 0 0
38.92333106676011 38.61908428012249 0 0
39.75062418494273 39.59037256627713 0 0
40.52329686647099 40.26267290036913 0 0
40.62778642189034 40.57975242385584 0 0
44.61500368674608 44.28781496123928 0 0
50.41785535668149 44.96105926462853 0 0
51.37690993174971 51.05431756171929 0 0
52.55221012098366 52.43740144236801 0 0
54.61920408635702 54.49004370133145 0 0
54.84411168981884 54.82215754122853 0 0
55.32765257853296 54.96449094067675 0 0
56.22155434716257 55.6509027949254 0 0
56.86686242088444 56.66222454318909 0 0
57.74025229782147 57.33854833314364 0 0
59.624713998998 59.52855974115333 0 0
59.81588477222078 59.68147656560892 0 0
59.97305667755929 59.92292360196018 0 0
60.50149214307051 60.36815069189207 0 0
61.9944413441813 61.67291583683586 0 0
62.41911743559415 62.15226444053217 0 0
63.88894190703784 63.74279810025492 0 0
65.86554579319446 65.50352238225092 0 0
66.44684527127707 66.16710637308437 0 0
68.66073243318118 68.41328145814019 0 0
70.38421193715548 70.26226485647079 0 0
71.91689598007758 71.30922948541998 0 0
77.35036228180793 76.12198171729739 0 0
79.62513075138394 79.53117319935376 0 0
80.51097153061968 80.40888733963209 0 0
82.46398749726748 81.81327217190791 0 0
82.5948616033757 82.49986792377254 0 0
83.84259675610316 83.53854902422449 0 0
83.94105073503646 83.8557322378616 0 0
84.1098923010973 84.04653516546846 0 0
86.57051085697006 86.2322760535841 0 0
88.81797273149969 88.09398667381406 0 0
89.23618145070685 88.96192690698589 0 0
90.4977054889095 89.23756036734572 0 0
91.17618036488604 90.99008776332633 0 0
91.90978279801797 91.6202529151174 0 0
93.07619992327774 93.02949708434184 0 0
94.47292599591037 94.41967674126076 0 0
96.02142092981369 94.8939564677798 0 0
96.49395773441678 96.18065143527362 0 0
