# Status file for ctqmc. Used to save all times t_s, t_e.
2
63
0.4931044650043361 0.4174369835081251 0 0
0.7969548396896755 0.5230465553583628 0 0
2.126550820966208 2.119533598063593 0 0
2.178179785225791 2.141659079070245 0 0
9.337919445353714 2.726060312643976 0 0
9.833736403277593 9.491825374623023 0 0
9.90429116558947 9.899293638583627 0 0
11.12006780159003 9.956253955986202 0 0
15.48265546055514 15.42754361662468 0 0
16.98197164972401 16.6750713573721 0 0
18.53646023573436 18.20253691702012 0 0
19.9576186741236 19.88856027790542 0 0
24.47318299035999 24.45698927890763 0 0
25.39071031375369 25.19849793241564 0 0
26.13905446194763 25.78316307753184 0 0
27.54669138743233 26.60288765448002 0 0
27.84948532728437 27.69030372245823 0 0
30.66462170485962 29.83800963250236 0 0
32.17514427531657 31.20149093915149 0 0
32.42945802667706 32.27499026028555 0 0
34.0829934396527 33.81199057991251 0 0
37.71090412127796 36.81855991146175 0 0
38.79000435909175 37.91835903913244 0 0
46.50723662286025 45.11763876878978 0 0
46.68896630912303 46.52399348435526 0 0
47.03218255921379 46.7638554880665 0 0
47.52615862718757 47.1886814285864 0 0
49.53506897013248 49.405575430484 0 0
50.64664287352734 49.81723244258338 0 0
51.35177522837424 50.70600688479222 0 0
52.50717345365327 52.34054884755916 0 0
54.94770733307961 54.13340946323724 0 0
57.0747996240686 56.5551146187987 0 0
58.07207764251648 57.72478970077204 0 0
58.79408347636778 58.49254121414023 0 0
60.41809118170178 59.51675476417736 0 0
60.57337591206781 60.47230796234951 0 0
63.63775817019015 60.69230621516946 0 0
63.84636700001342 63.72343545674683 0 0
64.67970347539783 64.61830645395005 0 0
65.12955647335932 64.82704446120646 0 0
66.70924069721288 66.4832829609314 0 0
68.00153186694141 67.73908336052787 0 0
72.33690258898203 71.46761635243922 0 0
74.37270021728153 73.40439214816243 0 0
74.90216246349512 74.39562516066967 0 0
75.06495316376569 74.93845904855631 0 0
75.358076738634 75.31968920027163 0 0
77.87390126614487 76.1430635853477 0 0
78.87199714645409 78.86168730656324 0 0
79.4096707019624 79.04157999887504 0 0
80.26841505909316 79.53830159245831 0 0
80.91936369419706 80.64286189384548 0 0
82.74719693920309 82.37987779317614 0 0
83.54626185941636 83.50896835945818 0 0
83.99625628249477 83.9371474529176 0 0
85.9238815536541 85.76984801424631 0 0
88.44651651867937 86.93121644079767 0 0
89.93124109741878 88.5635254660849 0 0
93.91139392349618 91.29281587436894 0 0
94.75814796876189 94.59484155137379 0 0
96.4480269627925 95.74075709511946 0 0
99.66858677394045 99.61048131126245 0 0
64
0.2183070601507016 0.1321030705443683 0 0
3.032710794540185 0.8172600069071541 0 0
3.642306508935758 3.389839912305644 0 0
5.127747861077678 4.873693343658764 0 0
6.136188657535135 6.020893028008383 0 0
8.184573585776455 7.762157479217772 0 0
9.05620067686692 8.665140940857057 0 0
10.39727121584346 10.20072355577405 0 0
15.70642896134016 10.48886527023367 0 0
15.86647431588653 15.73750278842391 0 0
17.86894579364292 16.35589632346378 0 0
19.88289351735886 18.66753817054624 0 0
20.8649315667821 20.07824576348469 0 0
22.15737822317505 21.95551220153343 0 0
22.97888936815929 22.19135129920083 0 0
23.14220187349086 23.12004241527728 0 0
25.03976424501652 23.84476871917501 0 0
25.86238643882071 25.46631395007244 0 0
26.65503646566752 26.14652592665241 0 0
27.45570579148286 27.3534649781146 0 0
28.85455635947076 27.57740912383441 0 0
29.93088661007429 28.94170856108247 0 0
31.34912462098592 30.21617450288995 0 0
33.22689673076088 31.94793692004853 0 0
34.64877758043801 33.45836434355288 0 0
35.33263562234711 35.13029454890773 0 0
35.98255499399788 35.88567954259819 0 0
36.38916129347292 36.00771479895675 0 0
36.9560122236995 36.66902890736591 0 0
37.83097910473656 37.38992142489435 0 0
39.73213417903297 39.23220223473523 0 0
41.96066011866934 41.37491863226986 0 0
43.19097322871986 42.36554600221341 0 0
43.64464083145584 43.63230565803956 0 0
44.92734013027573 43.8203288442764 0 0
48.41503197956371 46.56168048779666 0 0
49.37782105378466 48.41725606468733 0 0
51.0301183432358 49.48210975392104 0 0
52.76211912977622 51.22121815549142 0 0
53.58819464373607 53.14103015000561 0 0
53.92274774827023 53.85456435281311 0 0
54.79697341529066 54.57631755641636 0 0
56.16108687003645 56.00548355120653 0 0
57.60488436018102 57.16948867448327 0 0
58.73801243606284 57.92864546911989 0 0
63.6799233860386 63.40991565153549 0 0
65.2629723933331 63.93621817431404 0 0
68.87883632950597 66.01118555353585 0 0
69.16230051668664 69.05685855115364 0 0
72.38914668859442 69.27278808522152 0 0
73.82223388546285 72.59082547193627 0 0
74.56524572646667 73.95751623520027 0 0
76.16726282163805 74.99138327646628 0 0
80.71588842204 78.55632429846335 0 0
82.16923323809368 81.9134314134856 0 0
83.34399889294895 82.9786178701566 0 0
86.04617994146669 83.81438581867629 0 0
89.43010327681648 88.56278828193965 0 0
91.20310733998468 91.12400249834437 0 0
93.1458073284264 92.58827268850946 0 0
95.67592082412833 94.40740378380684 0 0
95.81269587577647 95.76352250286125 0 0
99.12624660816938 97.07745478839459 0 0
99.78905935225849 99.76775216091106 0 0
