# Status file for ctqmc. Used to save all times t_s, t_e.
2
83
1.556000171428392 0.8081778848438753 0 0
1.644762833910449 1.596358620799662 0 0
2.031034811249263 1.656292623011923 0 0
2.998478324032971 2.298860042914121 0 0
4.956725408450578 3.125563773949933 0 0
8.322680374169838 5.752581705410038 0 0
9.938482682444295 8.424844677672533 0 0
10.61152771716355 9.958492042815331 0 0
12.05221271363567 11.01546115629952 0 0
14.90838996252716 12.12611395583437 0 0
18.32290551274875 17.3445955124164 0 0
18.97404618265816 18.82088093019789 0 0
19.05315686249237 19.05034192543094 0 0
19.47050241021041 19.1310017094148 0 0
22.19865153319341 21.97368896678456 0 0
23.83624521360818 23.2168406854125 0 0
24.14539562087462 23.9088473769065 0 0
25.16818857599941 25.07176631795341 0 0
26.33198141188651 26.16897439157539 0 0
26.55825179196815 26.51520614373292 0 0
27.44142990488382 26.76739002273787 0 0
27.98060953119189 27.74882693777164 0 0
28.01876876661917 27.98106395401425 0 0
29.61575665477203 28.43722807806635 0 0
30.05961493065939 29.72552075310873 0 0
30.53427180209322 30.46306321607518 0 0
31.4933732180727 31.15506094751821 0 0
33.29859378974994 32.3632873841911 0 0
35.27730804034311 35.27068094819303 0 0
35.89879406316499 35.4391565000114 0 0
36.45427310857695 36.25151535210535 0 0
37.27297918583518 36.55176830579865 0 0
39.75604022018853 39.583884011588 0 0
41.58897664603593 41.12808719717781 0 0
42.17942986963187 41.71785122881268 0 0
42.29285269914575 42.26842549134756 0 0
44.18927419601011 43.59566731097319 0 0
44.5958537013797 44.54209710245503 0 0
44.79475151515143 44.69324088402247 0 0
45.13124228542078 44.90752072087442 0 0
47.18580746615355 45.63174421950091 0 0
47.93780561888811 47.45818081386019 0 0
48.63547260531409 48.34061794171338 0 0
51.39873715114203 48.92203818578339 0 0
54.32843899749868 51.81633980627826 0 0
55.20955812709833 55.03230013761634 0 0
55.92373934609157 55.41717508354056 0 0
58.94164414302015 55.99144268584741 0 0
59.34908659021955 59.19994109910382 0 0
60.08817561929115 59.6414856229455 0 0
65.29570812426192 60.44421674947188 0 0
68.28478582877113 65.39024834400814 0 0
68.77731073827869 68.49052893610336 0 0
69.09526384677214 68.88554678734374 0 0
70.24143554384283 70.09432646833139 0 0
70.70364951150152 70.44152378004989 0 0
71.13361795024252 70.81361547081363 0 0
73.58647681163072 73.43595473737078 0 0
73.75760823966687 73.645079140376 0 0
76.31472073363066 75.74100695033599 0 0
77.75602988245251 77.7240602564024 0 0
80.5692606457778 80.35492207618647 0 0
80.76880826513491 80.65867596696451 0 0
81.08533017478167 80.9192831853577 0 0
83.31992031142403 81.31811886938424 0 0
83.47979786654486 83.42479460242252 0 0
84.44730234717608 83.83006127597207 0 0
85.17422529375705 84.550559287119 0 0
86.07460267325722 85.36000512602101 0 0
86.72847313883018 86.43787539913903 0 0
87.35040217301434 86.73027181215993 0 0
88.32085096502 87.37588964923661 0 0
88.42889611332774 88.41645894691659 0 0
89.1522405031287 88.58375389073998 0 0
90.43700851381588 89.99885670081999 0 0
93.69069357839855 90.46894507109108 0 0
93.89418308894308 93.77432404464984 0 0
94.47761009862045 94.06399573590922 0 0
95.76067857166514 94.61212798393368 0 0
98.47842700025178 98.19634948240827 0 0
98.95939180932965 98.65678322446699 0 0
99.20477674129069 99.09514001898452 0 0
99.98389742680925 99.92895318486876 0 0
71
0.06617200661367825 0.2758652223142531 0 0
0.8617964859232697 4.432132599172196 0 0
5.737391776296182 5.957013835426735 0 0
6.397876153288173 7.752625345995637 0 0
7.957181768444425 8.399003358069127 0 0
8.522002921912094 8.987021228559298 0 0
9.151188787835908 9.973001053930515 0 0
12.00564915255146 13.61867523781349 0 0
13.88125406329024 13.92089112053067 0 0
14.10889293857343 15.21784020724135 0 0
17.26946056669756 18.42991308738 0 0
21.63840429690181 21.66802866159086 0 0
22.72244558000456 24.68298127932542 0 0
25.00151389955263 25.6069125751906 0 0
25.71397412222609 25.99370970657715 0 0
28.41986823644237 28.44604115738414 0 0
28.77671067154771 30.06473036184437 0 0
30.37163490724991 33.43516363497869 0 0
34.14661425390006 34.92821822775434 0 0
35.59634642972151 35.72185529981623 0 0
35.90269142368741 35.94200950853998 0 0
36.42117228356124 37.2512125787147 0 0
37.34062365545314 37.53856532677577 0 0
38.25995777126086 38.27736470597138 0 0
38.29339775347194 38.41660279858748 0 0
41.51977185456862 41.6762351228131 0 0
43.4070351853584 45.16987300884418 0 0
46.26071023969661 47.66389934697184 0 0
47.80861075488896 50.60487720347313 0 0
50.73827571946531 51.4901415985328 0 0
51.67590758217682 53.39663654134787 0 0
53.83844396123956 55.07425826822163 0 0
55.48144499052592 56.03269500123385 0 0
56.18195941238011 57.26764283002667 0 0
57.77152102904713 57.87511224979394 0 0
58.05390198616915 59.08946289678681 0 0
59.10643033400375 59.41698605221041 0 0
59.83026446284635 61.42271776451371 0 0
61.67576041453935 62.84481102979071 0 0
63.71021132875861 64.06338911064202 0 0
64.18118037643018 65.05833244357449 0 0
65.13786880560397 68.39714075767172 0 0
68.56215234195656 68.70725957282971 0 0
69.48965352186254 69.49768801428431 0 0
69.67038623289801 70.09871918823562 0 0
70.51017449717918 71.02201069887563 0 0
71.08829166995146 71.13021028457545 0 0
71.77862337669245 71.86291475537782 0 0
72.56630606258257 72.62225883654452 0 0
73.06654202251546 73.74650003446506 0 0
73.83986209349686 74.03305283049085 0 0
75.72618030563768 76.54058560039871 0 0
79.46902872069397 79.64799704817368 0 0
79.73170581885682 80.02480790455937 0 0
80.39921723357462 80.5175781137855 0 0
80.63488579809162 81.45342084571132 0 0
81.73789067231517 81.80410710792582 0 0
81.92695862453333 83.65004078779761 0 0
83.92873455903862 86.96807631530172 0 0
87.26406381199523 87.35893910662166 0 0
87.85162692110045 87.9953813381497 0 0
88.08551010063938 89.54067769237285 0 0
90.35472689568904 90.54301576543392 0 0
90.63506313673086 90.70119761178249 0 0
91.23897478743565 92.01143719071463 0 0
92.77819914445864 95.32343549709159 0 0
95.35775991536671 95.68102938748719 0 0
95.90901141495205 96.25866717505126 0 0
98.5780848607518 98.96838942525852 0 0
99.03054627945833 99.04365186860457 0 0
99.66437290288161 99.68864063738012 0 0
