# Status file for ctqmc. Used to save all times t_s, t_e.
2
66
1.023883937439535 2.452144110054844 0 0
2.781049948826897 2.990924392807782 0 0
3.294068810064122 4.65470588867147 0 0
5.017524536044884 6.366243561888369 0 0
8.730644091533424 9.356496735091042 0 0
9.775435720736423 9.844368691285124 0 0
10.32540109082648 10.52785729836547 0 0
11.06306556489366 11.17335779174076 0 0
11.35315867863298 11.85024676610747 0 0
11.93149693388072 13.8428661726153 0 0
16.66954281360759 17.18224356500202 0 0
17.21820164955385 17.61259118083028 0 0
18.02714150776865 18.32987083119525 0 0
20.90182867667156 23.72966513946357 0 0
24.76747812001818 24.79464641447606 0 0
25.74157195294511 26.66680397272947 0 0
27.2870570794466 28.28861207049058 0 0
28.95037518843056 30.35113936604455 0 0
30.42632508478489 30.60517259746535 0 0
30.70232663417647 31.30595903178728 0 0
31.36243160140518 31.6340649829524 0 0
32.20987790491426 34.35008591151049 0 0
34.39232300447274 34.42022014250649 0 0
34.46513091214199 36.02123174556083 0 0
36.54011180819354 37.244872131477 0 0
37.36295888943697 37.7026307723061 0 0
37.80749750726811 38.33934255600598 0 0
38.84005464609656 38.94101393943981 0 0
40.95460713457826 41.01840982731138 0 0
41.62732683795906 42.21054183212546 0 0
43.30422940449421 43.38318337201003 0 0
43.41201686016408 43.68085819283024 0 0
45.75521297895804 46.14291810864951 0 0
46.2501641429971 47.47820201584167 0 0
47.49190260676683 50.8401095794695 0 0
50.95468914966026 51.0147704251081 0 0
51.61977427198181 55.08793993692353 0 0
55.38991978064023 57.0500717931886 0 0
57.3916244883692 57.78000710020488 0 0
59.02560298222856 59.65545332306996 0 0
61.09994469430095 61.36312512738035 0 0
62.94609138911625 63.19300569169569 0 0
63.66456653832068 64.72209383621269 0 0
64.78235575347111 65.84579945197854 0 0
66.08415697678723 66.35136129450608 0 0
66.67743111093483 68.02649511996198 0 0
68.45843553151066 69.72895946093119 0 0
69.74090592000987 69.99387295747421 0 0
70.78618535045953 71.78350331060157 0 0
72.72561053580057 72.92158780639747 0 0
74.29542012474444 74.39147234430746 0 0
74.95653615929714 74.97387827305303 0 0
76.7136273301048 80.86391283612046 0 0
81.55309010826784 85.87312467992814 0 0
86.07714029836252 87.41902958849805 0 0
87.89576983167275 88.8395658913406 0 0
88.88739475134835 89.13327190645796 0 0
90.61799280457025 90.78787858044554 0 0
93.5383660936515 93.69985372446848 0 0
94.84911359790702 96.27937532272921 0 0
96.54493071839852 96.61359238529613 0 0
96.85570067228437 98.78756166795307 0 0
99.04297787132961 99.11986955183704 0 0
99.13585643890863 99.14702361720629 0 0
99.19666361865278 99.52427516802979 0 0
99.58030543088206 99.99080155820988 0 0
89
0.3647298414473141 0.2956920596338506 0 0
5.026929573480771 2.24669019351255 0 0
6.349533678073628 5.769412329079223 0 0
6.751376002862071 6.604914293031985 0 0
7.493185493628576 7.107114120726393 0 0
9.25476077083589 8.966993407880178 0 0
10.90286651624773 10.78789527510655 0 0
14.42235561273186 11.05949307719939 0 0
15.62008175656698 14.913730700387 0 0
15.78767174669643 15.71806749973663 0 0
16.06325029736118 15.81192967654012 0 0
16.35266029368 16.21470774141288 0 0
19.0303248243812 19.00974659879959 0 0
20.20450103035266 20.15820894299211 0 0
20.52617081926216 20.20518555739936 0 0
21.13229000528168 21.07187219129858 0 0
21.77609275121771 21.70458018446297 0 0
22.06453475421284 21.88361179268838 0 0
22.97221919143399 22.74289875794481 0 0
24.45611774604815 23.76183122892443 0 0
25.57020835486656 25.04331351121029 0 0
25.93828700381968 25.6004189358769 0 0
27.74424855806385 27.57886343274728 0 0
29.12360169110216 27.86574325224941 0 0
29.44737768724014 29.32629579457817 0 0
30.09656352374737 29.63120773846469 0 0
30.97570745936644 30.90475374337014 0 0
31.30583844724731 31.15033926298423 0 0
33.54243575708366 32.46740186467149 0 0
33.92573359508976 33.69007759220764 0 0
35.48973573001302 34.9410496803346 0 0
35.72630920862582 35.61893480536333 0 0
36.47851123844404 35.82471937544781 0 0
36.84998372688748 36.83457938658626 0 0
37.10603690478223 36.88397028189522 0 0
37.58249928013073 37.5419568365046 0 0
38.40653139214596 37.60769741066503 0 0
38.57080682458277 38.54799772392676 0 0
38.85935577004895 38.8201649466721 0 0
38.92673091859604 38.88987367340019 0 0
39.34217054836261 39.06923002571686 0 0
40.27397522966239 40.13158910985545 0 0
41.93192078771185 41.73506101519476 0 0
42.7969414901988 42.68124533211164 0 0
43.37264989508585 42.93226630606914 0 0
48.57460950695165 44.67099140309255 0 0
51.79229035394427 48.69573812620113 0 0
52.4064625298235 51.81675702364019 0 0
52.56468086895129 52.48539937642129 0 0
52.77315174014158 52.56647031510934 0 0
54.25291558660022 53.15752050915267 0 0
58.05197203951148 54.94296338105335 0 0
59.06643122761101 58.90590366687724 0 0
59.66349173278116 59.16336588787149 0 0
61.55530479246256 61.48765250349231 0 0
62.37683908974643 62.31840159526725 0 0
64.83320581125464 63.55723804686939 0 0
67.42645595480215 64.98889671568746 0 0
67.75097320513474 67.66466556930972 0 0
67.99174122838578 67.77413249134462 0 0
71.31255813881005 68.4705682287216 0 0
71.55237693058145 71.51405201231259 0 0
73.35810015283778 73.10882889261677 0 0
75.30797245429643 75.11989186018081 0 0
75.77927513123613 75.36775982908068 0 0
76.1121030113859 75.92790706315287 0 0
76.73220484378663 76.17796232327652 0 0
78.65572147368142 78.00279888121685 0 0
79.62352109614176 78.78912845468776 0 0
80.58614100121378 79.99967566764089 0 0
81.12342227305999 80.91161072113955 0 0
81.2450868545501 81.12697122827963 0 0
83.18889029584868 82.27116245543374 0 0
83.71791675947316 83.2941078869986 0 0
85.43252948729716 84.79885717355418 0 0
86.49099674859762 85.55883895045801 0 0
89.01187393939603 88.5971285242627 0 0
91.94064797511284 91.09714479245463 0 0
92.20881973094637 92.18888043126317 0 0
92.66944341860598 92.52612530371202 0 0
92.91868107156724 92.71839560195782 0 0
93.41868147712832 93.14469997719441 0 0
94.16382926171526 93.87267001150974 0 0
96.30533412542765 95.13333181615435 0 0
97.1165681940484 96.34697221456453 0 0
98.53195162162625 97.25091408669439 0 0
98.62820799113747 98.59465088092499 0 0
99.48341663198717 98.8820259340001 0 0
99.86303050788612 99.63551149254738 0 0
