# Status file for ctqmc. Used to save all times t_s, t_e.
2
68
0.3739416648433531 0.4468681165468379 0 0
1.449749336358343 2.086215879252443 0 0
4.240696570189329 4.391743676840484 0 0
5.4219873500297 7.162591714606979 0 0
7.222730119949271 7.917219034521146 0 0
8.027482501732152 8.39174680024297 0 0
9.368895876456349 9.604939357946675 0 0
9.767643197888786 10.07347864695086 0 0
10.83629662854617 11.04063032165332 0 0
12.15011663539876 12.65707732416001 0 0
12.85489951778296 13.55036900756572 0 0
13.64556957393875 14.69192298046534 0 0
14.86284999876707 15.55361811994205 0 0
16.43641330542924 17.48775165487059 0 0
18.87696596882753 20.56485409149293 0 0
21.13483774688907 22.66039394698997 0 0
24.40731609131418 24.42691503225532 0 0
24.73089675147272 25.26349986402185 0 0
25.62914473791797 25.97824482248399 0 0
26.6573623595065 26.79485985574003 0 0
27.06483334291265 27.22025124243708 0 0
27.45587669382821 29.72296361766228 0 0
30.25574421026577 30.55029697015549 0 0
30.75467308451149 34.10201941245697 0 0
34.28720875817545 40.93856763988043 0 0
41.7666172167626 42.0546046434869 0 0
42.39582478179181 43.1419070267094 0 0
43.65116035146242 44.05101086498649 0 0
44.22574725542223 45.36522984765462 0 0
47.21676364885586 47.45992331071093 0 0
47.81778698788916 47.840902296877 0 0
48.00047712933549 48.1056508307821 0 0
48.32415779267651 48.69385304682159 0 0
48.84976479729139 51.09461753314979 0 0
51.13919222379401 51.19788516469426 0 0
51.23368364377793 51.74855995103243 0 0
52.29725643130332 53.72150829834802 0 0
53.98982766548451 54.22298813029744 0 0
54.95719045934259 55.20076036626283 0 0
55.32287043016228 55.79394827815926 0 0
56.49151344794429 56.98599051598462 0 0
57.21086192745901 58.23766185760861 0 0
58.31796218985772 59.07854679452056 0 0
59.9946226356655 60.71776487360477 0 0
61.68992652061056 62.01220534666005 0 0
62.56190612065949 62.62751261753481 0 0
62.77508458356942 64.0086343576283 0 0
64.58228287610218 66.34100492231573 0 0
67.31696070624771 67.37985947480762 0 0
67.55694126805956 68.09408264396725 0 0
69.50834115316101 70.74200155981676 0 0
70.8309361796744 70.84631469886854 0 0
75.95559122828288 76.29374134212033 0 0
77.46674731623 77.50426996095248 0 0
79.46212978428591 79.67991968908142 0 0
82.24609475461686 82.82817092939466 0 0
83.15650341803465 84.01919592677673 0 0
84.10008400984532 85.29098752760201 0 0
85.63031049357822 86.03143060199541 0 0
86.2871743929266 86.95473794007682 0 0
87.61409768047865 87.76262955646438 0 0
90.23313569588854 90.67377619930912 0 0
91.48978510511422 93.29122118837097 0 0
93.50841619667106 93.62824538777583 0 0
93.89606121376949 94.40005456242851 0 0
96.9515010714817 97.79033340890958 0 0
98.01704241071631 98.01932894170221 0 0
98.30383525193254 99.57738995875026 0 0
71
0.8724111800556221 0.3587868562921983 0 0
2.023210177564899 1.521916153661795 0 0
6.628336652801662 6.1154170459402 0 0
8.505716936835432 8.397490652858 0 0
10.13040894759761 9.85829889440735 0 0
11.32666781329443 10.55063021038639 0 0
11.66278804921561 11.54437886031459 0 0
11.90481070902412 11.86156718849423 0 0
12.07913556854245 11.99440892142875 0 0
12.64715258242753 12.13932066168367 0 0
14.56304651083291 13.38408063614766 0 0
14.68766387098894 14.58404234832591 0 0
15.66422548713751 15.31158863751711 0 0
17.12246144373798 16.58049709959299 0 0
17.75466379110791 17.64678585259071 0 0
18.96293791880908 18.62656094662064 0 0
19.09270702175766 19.02256190908335 0 0
21.36811363679915 19.22782365510565 0 0
22.06169950980456 21.91743467038749 0 0
22.94647789115886 22.69034279468725 0 0
24.50038299289331 24.3598343241042 0 0
25.36425956838053 25.16446503479371 0 0
27.79246468701689 27.09306064389161 0 0
29.8854726578553 27.8649562429921 0 0
33.29541186426121 30.05923241907836 0 0
34.03818832598616 33.4007102623758 0 0
35.54195035822053 34.28334243169767 0 0
36.49464914046924 35.76254188004488 0 0
39.03753184530186 36.50554088273696 0 0
39.70500394871801 39.53192026502413 0 0
40.32216695678213 39.73511084972673 0 0
42.9662748977706 40.60481055448007 0 0
43.89710023914508 43.67325833337505 0 0
45.5914295493836 44.12659878198708 0 0
47.45357181024367 46.72018819753506 0 0
47.8397471858679 47.74053317151988 0 0
48.92186324841148 47.885749495789 0 0
53.95456281797082 49.08459420737557 0 0
55.91604992712505 54.82551801782031 0 0
58.74753798820058 57.73994225657795 0 0
59.53106943731815 59.47044056321527 0 0
60.48918568229404 60.47018777738408 0 0
62.88206889023306 62.76599871795 0 0
63.57120194161777 63.21550551802095 0 0
63.78727097432226 63.71377745609579 0 0
65.29642659389059 64.6123181608378 0 0
66.30578908616444 65.42024861975337 0 0
66.73326250649539 66.64908048388469 0 0
67.42352234014878 67.30262987329311 0 0
67.9811785450341 67.72697048029279 0 0
70.90589485121698 69.19762880537758 0 0
71.54593911166906 71.18845577658968 0 0
74.23295945077243 73.97420838719337 0 0
76.37689562170088 74.61402192407267 0 0
77.02724010203319 76.51584327824096 0 0
77.41997033122534 77.0912936056118 0 0
79.69025024462944 79.40383580154372 0 0
81.40727793348071 80.81726714616804 0 0
83.21392091319704 83.0374129838214 0 0
86.84723727799462 85.89390534445747 0 0
87.86371490777894 87.26972269496758 0 0
89.08679064630026 88.21429240355242 0 0
89.65956424213053 89.16654819885092 0 0
90.18032565277042 89.7040234762277 0 0
91.00594346984161 90.84718174354424 0 0
91.37937200093275 91.09335959820916 0 0
92.65430278205314 91.74824670983436 0 0
93.19900313779296 92.99976453522859 0 0
94.30553355889337 93.51442872607777 0 0
95.54215255217551 95.4813452995064 0 0
97.02781652743899 96.71703443650968 0 0
