# Status file for ctqmc. Used to save all times t_s, t_e.
2
64
0.7704051294324235 1.122073386579618 0 0
1.274901120315744 1.813590026166047 0 0
2.307589069023372 3.336706724756278 0 0
3.414680341370468 3.833383258209806 0 0
4.019705782960757 4.642056338783791 0 0
4.865258612451353 5.103674240855243 0 0
5.248872918098622 5.332612016094815 0 0
5.63508549385944 8.730816726720933 0 0
8.739874970479384 8.873458478066615 0 0
11.1333433759727 12.49205826951997 0 0
15.1603384096171 15.53769110485836 0 0
15.55284346674782 16.80284625508897 0 0
17.61123062836409 19.53678386877922 0 0
19.94741261517567 19.96604903670636 0 0
20.68655921103695 21.14387874775705 0 0
21.7174862618204 21.94150190285485 0 0
21.94152836353227 22.13872940567301 0 0
22.34009571751598 22.86628933019464 0 0
23.90717454978398 25.91080094030213 0 0
27.43536255314259 30.47481734405554 0 0
30.57251078718172 31.44673611530988 0 0
32.02914574455149 32.18328826991992 0 0
32.55357353855609 32.93351931134799 0 0
33.46171999177204 33.63497992595859 0 0
33.7548960857169 33.82552502821218 0 0
34.69819691546248 35.39679536586203 0 0
35.61226108304348 36.10291909429526 0 0
39.58409833720372 40.00187648992085 0 0
41.60768474207797 41.7391703008506 0 0
41.85272183931848 42.51111980304467 0 0
42.82964361426877 43.87401177380477 0 0
44.04527150939055 44.30025933662728 0 0
44.39826119420096 45.87734535057065 0 0
46.32787717330184 47.03120972596403 0 0
47.88491151301741 48.74108962663156 0 0
48.90333637707751 51.90855610684994 0 0
53.11318965043531 53.30305739705074 0 0
53.50507336893176 53.64572414174582 0 0
53.71497613459825 54.65808901427851 0 0
54.77271628239068 57.00219013219048 0 0
57.181468875333 57.73271049901745 0 0
58.35441045309889 59.04577324330209 0 0
59.408926696827 61.68242774355006 0 0
61.80431463033511 61.94645812015131 0 0
63.49556101845072 63.81810359664941 0 0
64.01190419055017 64.25006104507813 0 0
65.89600250893403 67.53554084363167 0 0
67.64379153312301 67.9732877483647 0 0
68.53920368460824 71.32918283451417 0 0
71.53135604802038 73.4180714611683 0 0
75.20639475136575 76.66130506646206 0 0
76.70164390805225 77.91124615715715 0 0
80.19415430759531 82.25748223461557 0 0
83.33200772523408 83.93396787427552 0 0
84.4936586241551 84.79167322447539 0 0
85.99028062921009 86.08640943752623 0 0
86.28372571563789 89.18863394096535 0 0
90.1317476396474 90.47712611695989 0 0
91.25093812227351 91.75491976998352 0 0
91.90788005482678 92.1669352590726 0 0
92.22081294264041 92.80937796922132 0 0
92.87310158712637 93.14322470377857 0 0
93.34966748438538 95.02085595269585 0 0
95.15756925575464 98.99739595574079 0 0
82
0.3201375825726842 0.06660320104415973 0 0
1.684024251776601 0.4939032456487878 0 0
2.782472844468221 1.768005645542672 0 0
3.13772239574787 2.847646105856257 0 0
4.31528501399583 4.034503750696638 0 0
5.413729943376051 4.374996791378552 0 0
8.160025388937505 5.6773906772509 0 0
8.770633689609735 8.258925647685267 0 0
12.78506025131514 9.91208943558828 0 0
13.56380220481279 13.53124385052513 0 0
14.7722216068379 14.75742505343771 0 0
14.8935165707453 14.82595590512092 0 0
16.66452359875351 14.9018592817228 0 0
17.90393613919208 17.33900861768678 0 0
20.03697197199822 19.06973529386806 0 0
20.59743457965306 20.54538654585621 0 0
22.8055659200065 20.93787607830183 0 0
23.54843574181168 23.48541442639101 0 0
24.55491661660309 23.60455333882638 0 0
26.17374687379959 24.97747104739181 0 0
28.01190137159604 27.25308969295841 0 0
29.04304997018387 28.66758473041414 0 0
29.46511089641562 29.32051710606641 0 0
29.8567021365939 29.72557494091933 0 0
30.22613097714004 29.8614063241532 0 0
31.64079205253227 30.42853742888304 0 0
32.32510096346847 31.77586000102179 0 0
32.76275164824978 32.39626977021851 0 0
33.17755816168147 33.14405040189632 0 0
35.29678970935858 35.25927709242928 0 0
37.45733724818078 36.92763602160584 0 0
38.36261205218523 38.33417035370204 0 0
40.31991124300553 40.10238970090082 0 0
43.04822856082854 42.93406842550513 0 0
44.03425796437838 43.52921566540631 0 0
47.68598067827384 46.35772263218259 0 0
48.40198597486336 47.86834922164325 0 0
49.26988697470802 49.14618191321085 0 0
50.7361271579958 49.41701335929849 0 0
51.95361506578627 51.85771411264416 0 0
54.04684076839296 53.72652520127517 0 0
54.50688334356768 54.28523559989394 0 0
56.10138694614594 55.05997933541187 0 0
56.40182029827147 56.36862969536347 0 0
58.47027268097102 56.4105077362727 0 0
58.57643120962351 58.52424264810179 0 0
59.11027901548453 58.86231700652418 0 0
59.61330510501516 59.21946553454571 0 0
60.26536106106352 60.00100063637014 0 0
60.40246111162779 60.34627184418975 0 0
61.5398321823305 60.57070437852801 0 0
62.27159035149985 61.55445018177718 0 0
65.72200825422996 65.68134096896468 0 0
67.21609657279711 66.67977742770252 0 0
68.81059730670117 68.4280404731484 0 0
69.51806357321246 69.1040733081566 0 0
70.21971185504592 70.08876467480638 0 0
70.78996275442658 70.29642145347027 0 0
71.59648040371211 70.91787774218948 0 0
72.1915213478063 71.59767386902584 0 0
73.75007869280758 72.29369682308563 0 0
74.40631199578198 73.75712786553464 0 0
76.06374493137206 76.01254705873728 0 0
77.52698031361354 77.2711986553962 0 0
77.74102982630326 77.58137161198844 0 0
78.62343048527141 78.45285769389722 0 0
79.72204993015899 79.10288661729024 0 0
81.14763925263165 79.96205462843751 0 0
82.63277710055746 81.68829830989097 0 0
83.63258434203354 82.80246111336449 0 0
84.12238890605329 84.06109916605793 0 0
84.87250778483599 84.39456643016295 0 0
87.37573028253225 85.82070117879684 0 0
87.76445810145213 87.63104299842644 0 0
88.41454761645987 87.85745375702444 0 0
88.79661982878159 88.50879743101191 0 0
90.17931942192084 88.89445664612005 0 0
94.62302526231986 90.26807626341667 0 0
95.46261992264483 94.70292092913168 0 0
97.10058654734924 95.88834525760559 0 0
99.51261887304031 97.43922286716231 0 0
99.93239758566932 99.91723238809108 0 0
