# Status file for ctqmc. Used to save all times t_s, t_e.
2
73
0.4619131175884917 0.3912476960576043 0 0
0.6522852860899064 0.4879619904769698 0 0
0.8729123184262091 0.8141036926221865 0 0
1.302892683619318 1.073287819689529 0 0
2.66890392073179 2.536272166707469 0 0
2.980274120490711 2.868922737086973 0 0
3.527563245142238 3.245057854478233 0 0
7.387144474113561 3.724018250526058 0 0
8.271971223711313 7.905612672947627 0 0
8.784841103528951 8.652273557266128 0 0
9.648405641362682 9.085047909366356 0 0
10.32677055985318 10.29571109243486 0 0
11.02894334889389 10.98818721467276 0 0
12.95776605098796 12.65463913411217 0 0
14.10726736980206 13.32540201645625 0 0
15.77789978748979 14.89001396850112 0 0
19.47188202313551 18.91884347770439 0 0
20.08917784357957 19.85097548877995 0 0
20.82280961384192 20.37371339834413 0 0
22.07158427017773 21.02491424441063 0 0
23.73291859065741 23.04073051748745 0 0
28.32521740812368 26.0397359997773 0 0
29.701121126833 29.45946911146454 0 0
31.54705745082211 31.52446270728526 0 0
32.12702723317574 31.78900819077573 0 0
32.41633493913039 32.30033046998251 0 0
34.55654727562557 33.83623320843564 0 0
37.66950980167819 35.31373506415851 0 0
38.09434818111744 38.01536628454067 0 0
42.32167951656582 42.07982934828132 0 0
45.49701663590135 44.98943666743555 0 0
47.11480065854922 46.04448594841673 0 0
47.84895668421853 47.4741963043669 0 0
48.70009721329098 48.66790359771846 0 0
49.75503251726128 49.24902561653928 0 0
50.57058276157417 50.15417678583485 0 0
51.33965796055126 50.9872622816 0 0
53.95167337241443 52.31218384515406 0 0
54.55260831903554 54.09156572305642 0 0
55.10505704909671 55.09324053028566 0 0
56.94562232305902 55.11989656139332 0 0
57.40342768436556 57.33380978661932 0 0
57.96792153734746 57.65622869003273 0 0
60.93346186870767 58.13329665910405 0 0
62.39101584338174 62.37548229080334 0 0
63.15958234512653 63.130160534297 0 0
63.45379302141629 63.39210961699046 0 0
65.04273222479371 64.35542050365871 0 0
65.31524070425222 65.07280164009074 0 0
67.55741741711272 66.30130189774842 0 0
67.95537031266818 67.82472127667018 0 0
68.30608453529291 68.17982020588236 0 0
69.80672922127414 68.76021065552737 0 0
71.02651079542692 70.3824636621372 0 0
77.42392707093641 75.11297590714094 0 0
80.37082124952468 79.82490873542815 0 0
81.13608304867662 81.05212841610616 0 0
81.1622113926435 81.13900888752359 0 0
81.90476708227993 81.54705527666113 0 0
81.93111703038889 81.92470318871067 0 0
83.67674504032716 83.46231010136337 0 0
88.31701793846925 88.25622580394219 0 0
89.29634240988089 88.99723756949653 0 0
91.05325163756909 90.64279409817425 0 0
91.32186275147055 91.18094691184345 0 0
93.29470492259146 93.2687777849643 0 0
94.60015676833102 94.24687832934951 0 0
95.83566490086693 94.90827805562289 0 0
96.08325311251387 95.84001531098617 0 0
96.62581864252287 96.53095206694674 0 0
98.06458622803977 96.86192703185361 0 0
98.8564865511669 98.30792894743992 0 0
98.8822534974625 98.87465699596727 0 0
81
0.008907393342980185 0.2127334038232647 0 0
1.080514265018964 1.751853379673642 0 0
2.000122235228133 3.009585363645248 0 0
4.052003502543188 5.453960335132017 0 0
6.02453447394798 6.570537344815148 0 0
6.571785807098425 6.797398596954553 0 0
7.377265339600109 7.741773797910414 0 0
7.918489023505983 9.658435386370808 0 0
9.795410072970089 10.26530387251456 0 0
10.29366012841653 11.13642667471576 0 0
12.44720397623476 12.73980478991085 0 0
13.12168158466547 13.95157240272514 0 0
14.14503176265107 14.31870618808296 0 0
20.82888001418478 21.32914248029487 0 0
21.49714915255368 22.09350064668733 0 0
23.25921682650172 23.93610250648375 0 0
24.2006950659161 24.27873226366147 0 0
25.71326877524229 27.28217156429039 0 0
27.47933187482933 28.00901944257694 0 0
31.78317934066802 32.37493164638655 0 0
32.60723945996297 32.7985771983328 0 0
33.60053010311248 33.61869927137 0 0
33.84260881329338 34.29581166196968 0 0
34.60440965657741 34.66627548527924 0 0
34.85340167084811 35.66617838342217 0 0
35.71986731241701 35.85441681813332 0 0
35.91864934782964 36.08652744446073 0 0
36.17627635546603 37.54131008560958 0 0
38.1234551368509 38.36125911671887 0 0
39.52483922210601 39.6010362493697 0 0
39.70925436000493 40.42854374703023 0 0
40.53067358249894 40.83315235685804 0 0
41.52291823923921 42.24470432209758 0 0
43.64501120760389 43.8099522594228 0 0
44.03633540426808 44.72871794400199 0 0
44.80336970961876 45.25297116219799 0 0
46.60269897481589 46.810325916377 0 0
46.90525985925802 47.12253224308544 0 0
48.37562530841302 48.46016757992513 0 0
49.1783885172907 50.53180435107922 0 0
51.82474178690266 52.22725489673797 0 0
52.62760265259814 52.71759991109704 0 0
52.8691134596953 54.46312986845358 0 0
54.6800625725559 57.28502352137895 0 0
57.51117311870387 57.65712406408937 0 0
58.23598200086113 61.36038711011262 0 0
61.67559814891006 62.37056590382427 0 0
64.17854974291033 64.19050304302637 0 0
64.260418219345 64.59542747894987 0 0
64.84589119661513 64.84911806859778 0 0
64.92771898019369 65.34013031079428 0 0
66.05814890471926 66.43400324667221 0 0
66.68939713220716 66.92322598969798 0 0
67.20794296690478 67.74216139858649 0 0
68.72683869343234 69.28974345514017 0 0
69.48527679254454 70.99340768935463 0 0
71.53660639725399 71.53933324973458 0 0
71.70046044393008 71.79938364378752 0 0
74.49350230724495 74.49562051840748 0 0
75.13803070813172 75.35007884959575 0 0
75.45298395573994 76.29731002840278 0 0
76.55040272932644 77.2059167507327 0 0
77.25931030345815 78.17815114003845 0 0
78.38800433672932 80.23588052604714 0 0
80.67886832393279 80.89152515655391 0 0
81.10342689750502 81.88161414695014 0 0
82.27411103042536 82.30914010757166 0 0
82.4913158201107 82.49378661155998 0 0
82.60856808848656 82.79070013640035 0 0
86.16160550702278 87.16560567736109 0 0
88.25721327434059 88.51911732924231 0 0
90.32818528583437 90.4395694507066 0 0
90.66704318625038 90.90998715296926 0 0
91.59980334299763 91.89068013045306 0 0
92.97371399397313 93.42828407378897 0 0
93.86318840062033 94.10972934048735 0 0
94.31628107740305 96.04119509826965 0 0
96.7378637803919 98.13300910464631 0 0
98.47277790389323 98.49103847588195 0 0
98.63788889314093 99.01231544872005 0 0
99.45758531283138 99.84217871987039 0 0
