# Status file for ctqmc. Used to save all times t_s, t_e.
2
71
0.5430880085026502 0.1130903504793395 0 0
3.266400810274476 1.481952882155839 0 0
4.266339076453255 3.977481650390108 0 0
7.027095709308238 6.54942405362069 0 0
7.863758139063329 7.85805283317656 0 0
10.22456888533495 8.072931044827797 0 0
10.46680899674423 10.29631915957148 0 0
11.02001434842801 10.70099704310346 0 0
14.35512280121702 13.78219438448499 0 0
14.89338562835714 14.47872853555297 0 0
20.07760574672021 19.96449679700837 0 0
20.79740399465393 20.38763317745489 0 0
23.6745941247931 20.9278430806197 0 0
29.11747450186236 24.61339944652898 0 0
29.73293612240459 29.64889477542746 0 0
29.87730861122861 29.82620553655908 0 0
31.91850584428938 30.29302079286586 0 0
32.37068754910378 32.00063481809492 0 0
34.44452962821288 33.99924735021603 0 0
34.92993885078391 34.83287418604274 0 0
35.56498482896546 35.01437692578979 0 0
36.02707497335448 35.97922809613166 0 0
36.48589388927568 36.11041944345394 0 0
39.14033997249197 39.09657528079631 0 0
39.64378092867032 39.40985609909822 0 0
40.3813890426806 40.36965794934683 0 0
41.76616396861966 41.00422870281187 0 0
42.09062129714768 41.88379966288923 0 0
45.9407060575894 43.26204405291161 0 0
46.26169419404823 45.9734728951827 0 0
47.7301980013435 47.129675271002 0 0
48.93788196397705 47.79533809835593 0 0
50.15530750938751 49.08028924014177 0 0
51.04527201454951 50.53394622669897 0 0
51.10999083163413 51.06392925523579 0 0
51.37870977544038 51.16933731485139 0 0
52.24731831466784 51.48590505390414 0 0
52.71429153594753 52.59866666875301 0 0
55.02375610459097 53.83582862260975 0 0
55.22707942621657 55.13121767854458 0 0
56.56944761204397 55.96736568937163 0 0
57.27482960825301 56.89644028080031 0 0
57.62593701845751 57.42720310346954 0 0
58.61933231554588 57.70600725008266 0 0
62.04366124966908 58.9591820245736 0 0
64.09871599680424 63.76363612346064 0 0
65.87867212829904 65.00861290069828 0 0
66.64788456753409 66.63428309680248 0 0
67.22067199891292 66.76443298527859 0 0
69.52246807077282 67.41157364897835 0 0
73.39074942398946 69.99211629946278 0 0
73.75122949253219 73.6143034962475 0 0
74.39049183344231 74.03101446014618 0 0
76.33670071802801 75.07849148727267 0 0
79.16354911077703 79.12696521618375 0 0
80.10578516670292 79.4885231853735 0 0
80.39427413579152 80.24593430579222 0 0
81.87661608948181 80.86123829785267 0 0
81.99935939562559 81.99416817492127 0 0
83.54431354835535 83.35838605204961 0 0
84.18373076285128 84.08901879407661 0 0
85.9635310790888 84.29019925621922 0 0
88.25696665613519 86.14070121465278 0 0
90.63859035258211 90.57106771094649 0 0
92.72162364348652 92.00421122996269 0 0
92.84172155602924 92.78664150661714 0 0
94.15945031242126 93.84455830850702 0 0
94.68000243971684 94.1881787732537 0 0
95.98491140236337 94.80849965058999 0 0
98.69199723632549 96.01726922103201 0 0
99.79621859648751 98.8320010924256 0 0
68
0.3210128861181403 0.06295550438802877 0 0
4.49885346847191 0.5849944970936483 0 0
8.221241753586717 4.524513447480786 0 0
8.470268855931117 8.351782059258346 0 0
9.225552949801825 8.884166980295365 0 0
10.51163615064854 10.03654923592866 0 0
13.51106564132566 11.23460416394918 0 0
13.78218546562274 13.77328679123144 0 0
16.51111066825963 15.13715855063195 0 0
17.50428724177962 16.84566823316098 0 0
20.21115060133778 17.88249416409028 0 0
20.65906990929335 20.29883144759458 0 0
20.95892554338318 20.81508113155096 0 0
21.56011442915075 21.55752760691494 0 0
22.16371792139974 22.11964706543167 0 0
23.17006241451036 22.17232459435539 0 0
25.09022155913986 23.43811885449663 0 0
26.92455810119426 26.81788667906664 0 0
28.6577082367417 28.44355716124177 0 0
30.97895557847798 30.34330513113104 0 0
33.7225201290638 31.5348912450408 0 0
35.02374771989241 33.75613732237087 0 0
36.99257619803507 35.36599335160591 0 0
38.61118746832038 37.59730640106572 0 0
39.3290843739632 38.8854911884279 0 0
40.53183640649206 39.41987994482044 0 0
42.32008878140437 42.00737028944359 0 0
43.13816825777438 42.74227061314562 0 0
45.16787200102834 44.72656710177623 0 0
45.36547170381836 45.34981558411286 0 0
47.01836686719629 46.81569083707004 0 0
49.40758951610756 49.37623725859386 0 0
49.50768840207756 49.42872557936013 0 0
49.85865401832984 49.80055284768155 0 0
53.12809791605947 50.79234463831774 0 0
53.40077278767169 53.25002246160867 0 0
55.74550817471928 55.52815521598264 0 0
59.05321097336158 57.87662174945569 0 0
60.0960581875091 59.88377747849692 0 0
60.31284697727963 60.20530117894491 0 0
60.38745303851916 60.35338455420341 0 0
64.06461010933856 62.16397601624626 0 0
66.20323954335881 65.95892817227383 0 0
67.56075409153773 66.72936081792784 0 0
68.92129855933665 68.86354771720117 0 0
69.39777101216019 69.00691243195969 0 0
69.70506909497011 69.4197329607143 0 0
70.57468744531914 70.52788459046869 0 0
72.50136908120213 72.39934889249515 0 0
75.28384465391643 72.8020259283294 0 0
76.6369332908948 76.03102177526299 0 0
79.24585962755745 77.23782944983563 0 0
81.00085632936246 79.37282708155482 0 0
81.67207235107567 81.5053678350898 0 0
87.11774260354755 86.60191524487294 0 0
88.41764133228814 88.23052110899368 0 0
90.14730254616744 88.54629052213417 0 0
91.73307269755107 90.39080740962858 0 0
91.79289911644801 91.76444271845206 0 0
92.22963802934871 91.90033582187571 0 0
92.74197346097738 92.40789884136625 0 0
93.76057742098499 93.378893544034 0 0
93.81389632567119 93.78819314357825 0 0
94.40648821412698 94.32853099438428 0 0
96.04137868821427 95.1023438774363 0 0
96.70781391567481 96.42653076734574 0 0
98.10502004519002 97.7689686479245 0 0
99.30899895226734 98.32085265156223 0 0
