# Status file for ctqmc. Used to save all times t_s, t_e.
2
79
1.811904921736868 1.412904239573731 0 0
4.214536717815546 3.984876503845173 0 0
6.543647659297052 4.640636405612009 0 0
7.565842671333716 6.668483685451379 0 0
7.97205072992251 7.607369337099939 0 0
12.72010468259883 11.40111542693464 0 0
16.86306456552932 14.91984551121573 0 0
17.99589639270844 17.0111745037912 0 0
18.31658224926909 18.02085439433737 0 0
19.17087551264111 18.80022043406991 0 0
20.21953265464253 19.6375413590267 0 0
20.44948314865502 20.22754688817126 0 0
21.63531756491348 20.58451189427919 0 0
22.04664744415419 21.8691937430781 0 0
24.82124526376245 23.26356273179574 0 0
25.09193057914995 25.07576407908825 0 0
26.69591622337593 25.51603980234399 0 0
28.64760480192167 27.56822784173257 0 0
29.48394543978289 29.42016413697883 0 0
29.66050259883954 29.57083586545625 0 0
31.2001326629765 30.55812642875005 0 0
33.22074957680665 33.15460089432429 0 0
33.45493484035945 33.28439100094898 0 0
34.79687617428721 33.86863742755141 0 0
35.16204741559157 35.03902456115614 0 0
36.47499348467471 35.88163439792203 0 0
37.91226703755913 37.48170476142376 0 0
38.84894763493129 38.38973515609864 0 0
39.06276927078248 38.9022673963898 0 0
42.04858992089468 39.71017279270763 0 0
42.3517587933411 42.19104655726515 0 0
43.24909597875551 42.740308420264 0 0
43.57874827376603 43.45283463987273 0 0
43.88823374883781 43.8181200545254 0 0
46.33460586381237 44.36826716489141 0 0
48.92717436679489 48.2521880809108 0 0
49.52925702615141 49.43571439749545 0 0
51.79897167108977 50.18778978263627 0 0
52.38665139256469 52.25796574613061 0 0
52.76795068675715 52.6377307466343 0 0
53.7771910959218 53.16183066859133 0 0
54.11940047223687 53.87428489416124 0 0
54.48810730043026 54.31691440387443 0 0
55.09087685628085 54.8928317660184 0 0
55.41251516104717 55.19137896392957 0 0
55.95733363771491 55.93304656487463 0 0
57.34367350848034 56.61049160338955 0 0
58.23810776924789 57.35831273776491 0 0
59.37358105725743 58.25818400605388 0 0
60.29356289846591 59.38785218308844 0 0
65.17932950146938 63.04365255305457 0 0
66.87298405401692 65.41638502165549 0 0
68.55960635499927 68.19242993935228 0 0
69.494529167167 69.44405425567552 0 0
70.41681245482428 69.99614033397043 0 0
71.63283301117397 71.54003795542879 0 0
71.87782420172401 71.7013813319367 0 0
72.68740721049147 72.68008094852541 0 0
74.72863253155087 74.30702282151552 0 0
77.48998569052941 76.77738169277208 0 0
81.89232831621244 77.4941900488807 0 0
82.83527296437731 82.33018634912682 0 0
84.65107653869735 83.79974937325174 0 0
85.07084173920033 84.9579933208707 0 0
86.03950670739026 85.96232918319913 0 0
88.07205985649813 87.13016469762805 0 0
89.02857030467298 88.08151099079089 0 0
89.99870124688952 89.21055180723828 0 0
90.87817439679117 90.68347735211258 0 0
92.14519773112664 91.9909824227185 0 0
92.86620167144616 92.75784227026885 0 0
93.79983285639821 93.30700137817554 0 0
93.99692833011017 93.87615976088179 0 0
94.72942578107528 94.63808828036446 0 0
95.74075813061901 95.10360466098345 0 0
95.91569484018051 95.79431037013391 0 0
97.86883049671233 97.40185771765034 0 0
98.49323655824756 97.93577188398307 0 0
99.8888602690638 99.04267146981397 0 0
86
0.6618826391923847 0.4440746333315808 0 0
0.789292075254477 0.7787734124589751 0 0
2.717002101279619 0.7955396327231093 0 0
3.267573200584119 3.147139599383118 0 0
3.688095480706405 3.465056087057311 0 0
9.615961382830914 7.923396875400542 0 0
9.912617499621696 9.775428184402058 0 0
11.52511994641434 10.32626581733212 0 0
11.65102721263311 11.540001235142 0 0
12.73121455490995 12.68037279375928 0 0
13.6166161215445 12.81909774809385 0 0
15.55817172523815 14.00735553166223 0 0
16.67438489631564 16.32044739318887 0 0
17.07651566519289 16.99066695514072 0 0
19.75815319956422 18.03884121480626 0 0
21.20979065784448 20.43789327245029 0 0
21.90072074587379 21.58873448259233 0 0
23.66326085843733 22.0426001734271 0 0
25.79502430325244 24.36455193721291 0 0
26.7235214037524 26.56261481740179 0 0
27.77491661688089 27.03883554532675 0 0
28.9942159854443 28.82110760797181 0 0
30.6568325967148 29.87300660993552 0 0
30.96982122044254 30.90195904407485 0 0
31.98314390326197 31.54530997279951 0 0
32.54243875816844 32.45685560244328 0 0
32.68320683493775 32.59352682736811 0 0
34.03219346364418 33.50277632567165 0 0
34.34432002712176 34.17238680903 0 0
35.44154443294195 34.65998425284435 0 0
35.68122020750459 35.58887028560234 0 0
37.39618303249403 36.35018338625903 0 0
38.3755154974145 37.84053332480351 0 0
40.03011643406839 38.5848393507944 0 0
40.56330106787917 40.42266427308328 0 0
42.1850108927727 41.41781083626589 0 0
42.5255675423447 42.29605535873774 0 0
42.87148531417552 42.54096578246496 0 0
44.84184015106143 43.24136517190995 0 0
45.9947716372507 45.05301652083683 0 0
49.71090262341364 46.934748308881 0 0
51.40552751356147 51.28642130292975 0 0
51.56320772705805 51.41996561016378 0 0
51.99457636313762 51.94659504747606 0 0
53.16271944311021 52.05068466226074 0 0
53.75164497492361 53.65870777896269 0 0
56.60363814154827 55.33183731187054 0 0
57.25110340872533 57.13613858323176 0 0
57.83515552253222 57.36135955554536 0 0
58.41620742049393 58.23469117925898 0 0
59.23349884414549 58.45061179094011 0 0
59.93051784207098 59.83399121037358 0 0
61.18240653204256 61.18018272425852 0 0
61.48582257945904 61.30701987585343 0 0
63.47365150619218 62.54172359534145 0 0
65.08054334216774 64.95996574986022 0 0
67.59263231852546 67.47487166037439 0 0
70.21504940486375 68.93025655752199 0 0
72.1425918866413 70.63895056264451 0 0
72.27930025066438 72.17628350154764 0 0
72.83787719290898 72.46489115174357 0 0
74.19017815835591 74.0745653816426 0 0
74.82450371926666 74.75755092113212 0 0
75.71548037692719 75.17612777790596 0 0
76.41636123882166 75.99312604646391 0 0
77.12483004894767 76.75675357645282 0 0
79.09204440322158 78.71899875316883 0 0
79.61248466899609 79.35453740400216 0 0
79.72535816223319 79.68552624947966 0 0
79.98351942901454 79.97992887491546 0 0
80.67844400627412 80.55847715208363 0 0
80.98020035481723 80.70675685116493 0 0
83.22669466163656 82.80296194164319 0 0
83.78281763950118 83.36821854699132 0 0
86.01791967550297 85.97805976942055 0 0
87.59473280402847 87.51289531387766 0 0
90.86652857759545 88.64103220268044 0 0
91.25975536380398 91.25104254326223 0 0
91.62872556490871 91.2819325695916 0 0
91.94871978484365 91.65922174077964 0 0
93.23899986391974 91.97946435142353 0 0
93.72841381176933 93.48798678001923 0 0
95.22480959435356 95.22443268644902 0 0
95.64841206794654 95.50593675175068 0 0
97.08110831468872 95.82018990121576 0 0
98.69274967231614 98.61433218359825 0 0
