# Status file for ctqmc. Used to save all times t_s, t_e.
2
83
1.478933719155179 1.322093224160217 0 0
3.459411778102174 2.676406003585016 0 0
6.91828374097838 3.968698749784664 0 0
9.411200362407699 7.939752383834469 0 0
11.47582689682303 10.66065312235187 0 0
12.28075448532272 11.52176825465841 0 0
12.74856712717064 12.48872821170709 0 0
14.37032782984271 14.13079646699043 0 0
14.59076670876901 14.37626720447031 0 0
15.36166556258409 14.74412028218688 0 0
16.2042080978408 15.51698892254931 0 0
16.82212499752683 16.38476216984863 0 0
17.36721821260194 17.00247420947701 0 0
17.52160713741625 17.37474583710039 0 0
18.33864426266024 17.60094723344583 0 0
18.69319079592883 18.63639514233823 0 0
19.38807022721913 19.28147693080491 0 0
20.24443141455935 19.53516053915861 0 0
20.78151891170413 20.75497497760335 0 0
21.67833023212072 21.6518692376667 0 0
21.9655235661607 21.73286366721065 0 0
22.86951999967589 22.77888196484364 0 0
23.63702867954266 23.10730476595418 0 0
23.79324382567443 23.67235492581427 0 0
24.23434838960066 23.96733601329025 0 0
25.21192913455213 25.14271012141564 0 0
25.32140572706111 25.30165284379112 0 0
26.00276411702873 25.83601325448612 0 0
27.0472707592778 26.35700528176749 0 0
27.63222651578242 27.59699665381091 0 0
28.01415612341319 27.80815541365864 0 0
28.45270486678066 28.07243116988903 0 0
28.79803169874397 28.66428282629916 0 0
29.47602476635622 28.88075922205685 0 0
29.92825707423684 29.61204027188649 0 0
32.04786972138791 31.18059377715521 0 0
33.61385316881213 32.35713023630874 0 0
34.69392768821465 34.61322659737311 0 0
35.40275186539427 35.29377430059449 0 0
35.66839286596576 35.46731167727372 0 0
36.07212368648793 35.80513182491416 0 0
36.74944069793747 36.09839378809024 0 0
38.14560852973084 37.20372929140061 0 0
39.54143779611029 39.45509448650217 0 0
41.24143767885163 41.23595633845835 0 0
43.6978481693928 41.49213316440782 0 0
44.6072479657259 44.23789019650641 0 0
47.39588298131108 44.86181270852106 0 0
47.47482573446937 47.45400911811323 0 0
48.95401823543618 48.07838999411018 0 0
50.27879275335771 50.27717188032631 0 0
50.8941456745949 50.7771497970883 0 0
52.38342513903754 51.15471020324485 0 0
52.91061172605379 52.74579347182965 0 0
56.61426007881156 56.37815409877154 0 0
58.20312902891411 57.90520260506524 0 0
58.79792369035594 58.68094710217209 0 0
59.92075968242088 59.43952224602778 0 0
60.27807737907165 60.01092344396528 0 0
60.43146051801246 60.28727726424189 0 0
61.27679148437575 61.02249017763102 0 0
62.63929944760012 62.63888396101934 0 0
64.6480258521978 62.7077194645926 0 0
66.34836681739057 65.16438561575011 0 0
67.82604082857065 67.7344754725174 0 0
71.19944679527086 71.07879841859709 0 0
71.35583106591001 71.30061255747387 0 0
73.12292899112983 72.49275222972157 0 0
75.43269320179371 75.05671635567194 0 0
76.05107296368281 75.95262109542422 0 0
77.39386915925434 77.30233042530372 0 0
81.24097204058685 80.72365987587894 0 0
83.25533996058259 81.84906720436148 0 0
84.27334965253756 83.93826366872653 0 0
85.27468562114331 84.80931270514425 0 0
88.35263088544937 87.95849164190081 0 0
88.94484028758195 88.54230039010139 0 0
91.91324968579657 89.75904888494301 0 0
93.43237074942853 92.06029896076457 0 0
95.49194136104336 94.09201329098023 0 0
96.84867718459044 95.89893302939882 0 0
98.71316664272055 97.11495211555616 0 0
99.64998456047174 99.07209621298715 0 0
75
1.327098528506468 1.601752188392615 0 0
3.304521498790457 3.409838996394949 0 0
3.417676961938547 3.506035117879404 0 0
3.918650285907648 5.689359958438722 0 0
6.818855826738602 7.418638168593842 0 0
8.385383847682174 8.94093233299383 0 0
9.879376771643489 9.88157000173962 0 0
10.7341238450154 11.58247080130459 0 0
14.72929647578585 14.75094269760267 0 0
14.78952192369359 15.65546969499975 0 0
16.83088822630485 18.33604790386736 0 0
18.42995317408817 20.33775513981681 0 0
20.71766972370679 21.84551718669207 0 0
21.84889270799798 22.43304152779207 0 0
25.60730845893279 25.9435418026857 0 0
26.29675548774605 26.54570501350549 0 0
28.20351051825232 30.06949954470067 0 0
31.22995885299272 32.68449769108425 0 0
32.79530759528103 32.80787002068003 0 0
32.97464884596008 33.80552667970004 0 0
34.94561513048147 35.02760239182305 0 0
35.465747443717 35.70584822240931 0 0
36.09173223364981 36.14808653550021 0 0
36.28273476311744 36.60098351741727 0 0
37.63641241052729 37.89216542694552 0 0
38.29841845676546 38.44188451371422 0 0
38.77826492611466 38.84639957378573 0 0
39.34923181901421 39.72031500233808 0 0
40.85390779523263 40.88646008782864 0 0
41.31445454823535 41.32542120111554 0 0
41.67800742909542 46.43501811728826 0 0
46.90521635855882 47.0599278656357 0 0
47.06253426584781 47.3955355824126 0 0
47.90361765804542 48.27744825315224 0 0
48.40499050960237 49.2169158271101 0 0
49.4503458438603 50.02032395134263 0 0
50.1813736733323 50.20102665285008 0 0
51.6947782996012 53.66883820443002 0 0
53.8086769906615 54.56778684474595 0 0
56.41159018955576 56.92607537393248 0 0
57.21353526359106 57.24581110000997 0 0
58.05724470962366 58.42113346244937 0 0
59.1240316375557 60.81369051963912 0 0
61.1873772287039 61.39601464274036 0 0
62.26773318762351 62.38891510618993 0 0
62.66954911966182 62.82911866870828 0 0
62.98999267937934 65.92590218677587 0 0
67.51423960583183 67.7900652763751 0 0
67.85477837750159 68.21403143204655 0 0
68.34168780921664 69.0293560598839 0 0
69.65897680972054 69.81476172891294 0 0
69.90325519550038 70.53526054381648 0 0
70.71513166118915 70.85234076541821 0 0
72.80314526375625 73.00577292571954 0 0
75.30130430566138 75.31384390230176 0 0
76.44016809566499 76.49872437344131 0 0
78.40607547866786 78.827519873699 0 0
82.16798737766349 83.32071638100278 0 0
83.37441782789965 83.58535930084439 0 0
83.72071543360715 84.22622473926523 0 0
84.28965185429769 84.43945092702296 0 0
84.50864832891564 84.61614167464182 0 0
84.95761037901536 85.11889445246187 0 0
85.18477834254561 85.52536171081013 0 0
88.22615315317874 88.34602223645354 0 0
88.359380436538 90.24608423664648 0 0
90.4077006532432 91.51768168020446 0 0
91.65289261687138 91.83210233683413 0 0
92.60241711597382 93.56358403394195 0 0
93.79041938938363 93.81492499556506 0 0
94.92935681294217 95.08332268978253 0 0
95.12892032732819 96.79672603434372 0 0
97.07248059129407 97.99939512477786 0 0
98.00795718936963 98.36608507809899 0 0
98.39063711187768 98.76808963744914 0 0
