# Status file for ctqmc. Used to save all times t_s, t_e.
2
77
0.8657873029320131 0.8181329909380395 0 0
3.697750131622207 3.137875631744205 0 0
4.96869324895734 4.608069436180485 0 0
5.714070112296431 5.487792712718683 0 0
7.333222689962848 5.93419284054367 0 0
7.937143891539233 7.610344381565812 0 0
10.10578135869268 9.952570925167077 0 0
11.75322748223937 10.23269226868778 0 0
16.2908419761902 14.99080601532561 0 0
17.82227976919564 16.60318679478662 0 0
18.72985379129883 18.44408969643479 0 0
19.36886200585977 18.86521106547387 0 0
22.19235586614768 19.5506425887027 0 0
23.72575360497119 22.25860739396346 0 0
24.65718518558525 23.84760165106165 0 0
26.96280279206705 24.87756908587473 0 0
29.45754650444283 27.03513284228417 0 0
30.24151673519558 29.9958731898575 0 0
30.54378962308255 30.53408603922778 0 0
31.18448261332595 30.59434619493667 0 0
33.53791017569625 33.35107385396209 0 0
36.40756561408515 33.77158983532168 0 0
38.36347406140228 37.88292967295203 0 0
39.23146139716496 38.58223666885996 0 0
41.27016277319088 40.31001659234128 0 0
42.05541043942902 41.32162066069254 0 0
43.18518823802525 43.11331712491994 0 0
44.451964936032 43.21149151747694 0 0
48.58655753880296 44.78637111633974 0 0
49.56482973790696 48.80369062819575 0 0
50.09646291488991 49.99611972783345 0 0
51.23083291058595 50.7582001759645 0 0
52.09678906628271 51.51478945466224 0 0
54.08095617960968 53.72647850932945 0 0
54.11321964527086 54.09246072820027 0 0
55.01769294324486 54.22146088009956 0 0
55.58311800312325 55.38091656809513 0 0
58.60324660675936 58.36303516755069 0 0
60.43082398766816 58.94987663602208 0 0
60.80247898053889 60.64355737337408 0 0
61.98162257147001 61.07848527585064 0 0
62.66649164231227 62.41442393653664 0 0
63.07258776241294 62.85038843699076 0 0
63.76654458191555 63.7270852831385 0 0
64.8899780554742 64.70047572455371 0 0
66.52104597961367 66.14612235709779 0 0
66.83877154569761 66.73231601487232 0 0
68.61322082318445 67.05773513974529 0 0
73.11672239185512 69.09189460581007 0 0
73.34012729382736 73.21346984734366 0 0
75.32324116265279 73.65601984827764 0 0
76.35748462768426 76.24762171015522 0 0
77.22959785124675 77.08234400641092 0 0
79.30840016292781 77.52508273593655 0 0
79.79616852140479 79.75469199181947 0 0
81.39370621224772 80.31895310963273 0 0
82.20334513031442 82.11557011762288 0 0
82.57749854760452 82.26499780701999 0 0
83.05361397716219 82.95147089710143 0 0
83.34789237153672 83.16808755098126 0 0
83.94584003741289 83.49219174539172 0 0
84.49955578368753 84.16882999363938 0 0
85.05616656658093 84.93880397263315 0 0
87.86467519580268 87.55589874067897 0 0
87.98004954296519 87.91146542131264 0 0
89.67703129689076 88.28176097133611 0 0
89.81837486752168 89.68634144762632 0 0
89.88160380300472 89.84559637290243 0 0
90.47505839479396 90.34406653224002 0 0
91.84326236991888 90.71175118591364 0 0
92.51738123920931 92.08371613865559 0 0
93.70545898921212 93.6198202375286 0 0
96.41142545338377 95.77758377764157 0 0
96.79077817467197 96.41734854414376 0 0
97.5357468191396 96.86817618566101 0 0
97.73395032445565 97.69239704171051 0 0
99.19671959824844 97.84813514893027 0 0
66
1.010328591757158 1.118757665003415 0 0
1.906985939875601 2.808119502817301 0 0
2.816750219894385 3.490550258914576 0 0
5.210788807128353 5.248797760229866 0 0
6.366702456096463 7.135711126503469 0 0
8.869709882627188 9.203839252520373 0 0
9.243937217549115 9.275609670816205 0 0
9.703815430141612 11.7285645064609 0 0
11.76785732382248 11.79551526248288 0 0
14.14833339913753 14.36212033631862 0 0
16.05551752008941 16.58281973915551 0 0
16.86455424549166 17.19560461030089 0 0
18.12169530902871 19.02207464092135 0 0
19.17443905787934 22.33189092727901 0 0
22.44993931893567 23.26236222438978 0 0
23.40779533764434 24.55272508816162 0 0
25.00340313712029 25.64906776801739 0 0
27.19307871482428 28.41360030660743 0 0
30.69785364538857 30.72786640233741 0 0
30.97658856212522 32.45352681376 0 0
34.30370636302531 34.58939946852459 0 0
35.04272191261167 35.47991713582444 0 0
35.51027844971256 35.88781665575404 0 0
36.08787786472265 36.51037917643604 0 0
37.24136193234992 39.89123574188112 0 0
40.43240955968411 40.88274212554128 0 0
41.81216028230741 42.29028818239335 0 0
42.37796523846833 42.47229304964419 0 0
42.6586360936322 43.69107436581901 0 0
43.95675526170709 45.68577499057604 0 0
45.98980301186464 46.19786494980121 0 0
47.50313913916154 48.1749023682617 0 0
48.66998218416212 49.35707834068492 0 0
49.48383684741879 49.60983178561052 0 0
49.71286777473594 51.76082610871322 0 0
51.92815632166676 52.07237786327005 0 0
52.25939312183951 53.16333914469867 0 0
53.34983164738165 53.54879569703468 0 0
53.89618007243518 54.0979505938554 0 0
55.38679886471042 55.47186632499746 0 0
57.02962025315765 57.99712139092505 0 0
58.34725128653504 58.62321943888555 0 0
59.31512411570616 59.7189066553786 0 0
60.39258145721803 60.70638926734878 0 0
60.75048621398369 64.12300407966637 0 0
65.44538596879349 65.53248678463343 0 0
66.0415143953466 66.48754187200132 0 0
67.16351334681828 67.8708406347248 0 0
68.19323462887621 70.64862480308709 0 0
71.63541119533964 72.86980384010721 0 0
74.20710036106539 75.28086630882247 0 0
75.30431918838394 75.60196007116834 0 0
77.78733372205618 78.02711665941749 0 0
78.11129735326755 78.51034338872853 0 0
80.28889230262017 80.41176454470998 0 0
82.1843590124444 82.6296901143976 0 0
85.98386699171043 86.00371667633172 0 0
86.04284794910946 86.62060886005598 0 0
87.37011985342023 88.01399486945107 0 0
88.07575722352691 90.06628498187457 0 0
90.34174852143406 91.18771580770972 0 0
91.77866363404461 91.8245467984453 0 0
92.31962628060242 93.37847435388611 0 0
94.1335807137289 94.62187846875848 0 0
95.26989079693502 96.27622690073042 0 0
97.90384178763058 98.64206070524168 0 0
