# Status file for ctqmc. Used to save all times t_s, t_e.
2
80
1.760698444234403 0.8092952149018138 0 0
2.419571626672115 1.803458925415806 0 0
3.116994412105081 2.607283530724357 0 0
4.382558099861276 3.343773321602718 0 0
4.695228717934319 4.618121408677663 0 0
5.357398607737904 5.338630455256945 0 0
6.777318012598153 5.438865427026009 0 0
7.218871928611315 7.002933838039844 0 0
8.986286885659696 8.160523052553746 0 0
12.10512191654682 11.68104882226908 0 0
12.89763555792285 12.65131620909217 0 0
14.22889113783899 12.9193091457555 0 0
15.87691924435924 15.40795385775125 0 0
16.62697376361662 16.48727131798162 0 0
17.32032507428242 16.81385642978288 0 0
17.73141543291182 17.45684138465939 0 0
20.18522370038652 18.0418402618154 0 0
20.50681059406211 20.22973063049816 0 0
21.12530498133767 20.61574735546126 0 0
22.19899582533838 21.46313720356814 0 0
23.09606901497676 22.32762198574167 0 0
23.56002296023539 23.12683983509695 0 0
24.7932363644579 24.07206425391128 0 0
25.61807487345812 25.59525194823662 0 0
28.02926497573629 27.95794597687472 0 0
28.22545627708005 28.1152526047077 0 0
30.27483909634818 29.06062866841633 0 0
30.72437007050704 30.34218711765634 0 0
33.62673403499824 31.62325078429584 0 0
34.07276296426204 33.99692332597131 0 0
37.27909365466339 35.54711232986644 0 0
41.75378486981711 37.36196360792026 0 0
42.39717539335713 42.1033730660504 0 0
42.65237347199776 42.54978809737529 0 0
43.21770355294007 42.86626409307236 0 0
44.26828890687747 44.17550580452323 0 0
47.0202785752258 46.91903059553569 0 0
48.32538986154027 47.71709861766405 0 0
49.72146743336936 48.5970035757724 0 0
50.34885363272944 50.14254201884481 0 0
50.84351434225877 50.37073197141992 0 0
51.22875507049716 51.04480431696978 0 0
51.41983755580397 51.36608096512288 0 0
53.35540745182792 53.28930317150667 0 0
54.3663346528803 53.65274222432333 0 0
56.39805355198581 56.34211613834638 0 0
57.87906215271735 57.00808818628597 0 0
59.10243621256063 58.01020821037817 0 0
60.37794146319716 59.37274687233121 0 0
61.44656700996391 61.43487607715412 0 0
61.7949282562707 61.62800594865998 0 0
62.52319440983213 62.4425768210802 0 0
64.54521023551808 64.51010066707444 0 0
67.14593189195075 65.65365486567615 0 0
67.51571422816485 67.50221104499627 0 0
68.31968511236641 68.16804301878361 0 0
70.04365501304848 68.80476198928352 0 0
70.75100127554906 70.65129815303082 0 0
71.31512277462582 70.83245899960507 0 0
72.27232087681004 71.4847597263424 0 0
72.64871122158543 72.4887234664112 0 0
74.48676943295578 72.70404399584484 0 0
75.521968882713 74.78986677368404 0 0
76.7867150547093 76.62751409264307 0 0
77.7136957030376 77.46179330852397 0 0
78.8220157334699 78.34724760437216 0 0
79.13332896070234 79.08023789306135 0 0
81.08478253060186 80.44142112561583 0 0
81.31903356037421 81.12204383125669 0 0
82.50906445468664 81.46619094110278 0 0
84.10271802639292 82.6801481174513 0 0
84.4700050515336 84.12283352108291 0 0
86.49081510323462 86.34482509110549 0 0
88.4095123574874 87.18492693604205 0 0
88.97165649070094 88.89876634928547 0 0
90.81934445330104 90.57055755710968 0 0
93.1302627676441 92.35549266627613 0 0
95.40234600484719 94.09574624966507 0 0
97.92936592636495 95.48282714741605 0 0
99.67663909702861 97.99768489688991 0 0
78
0.0196699657594479 0.03088485356522812 0 0
0.8156576997885452 0.932147027734311 0 0
1.233161565200857 2.620420872232613 0 0
2.665071096036846 3.960524970498261 0 0
6.896542962668509 6.917957236895871 0 0
9.011470634053385 9.201558739565799 0 0
9.925534516643566 10.94600346942918 0 0
11.11955015675855 11.39907787982838 0 0
11.45220535381064 11.6593991076147 0 0
12.12969856691578 12.31354692097485 0 0
12.55752339597329 14.81973581027674 0 0
14.95934360370323 15.0327283332316 0 0
15.36027716974398 16.02222380840583 0 0
16.33765856536084 18.59721297796435 0 0
18.68435954482484 20.62489511975303 0 0
20.96831049126006 21.05495500804813 0 0
21.61850880533184 21.64299306562486 0 0
22.5098336973688 23.6924334541118 0 0
24.30859965523207 24.93421336225005 0 0
26.37260816248174 28.40223662794513 0 0
28.75383765860424 28.75763644030075 0 0
29.38095266130726 29.63441935777611 0 0
29.97025990358687 30.09129405969697 0 0
30.8291029726185 30.83453173735863 0 0
31.939735656144 33.2475302550146 0 0
33.30039237426732 33.67984868331712 0 0
34.2791033405129 34.2830800315022 0 0
35.20967131968438 35.5323658219887 0 0
35.79415726091386 36.43262554504466 0 0
36.74408256457794 37.88746623567463 0 0
38.0948854366082 38.43931345241326 0 0
39.75086426656516 39.79609930844612 0 0
40.13764962296842 41.09703174221274 0 0
41.1017498252988 41.18232755289887 0 0
41.71121964820583 41.75232473510727 0 0
41.75273138374006 41.91488058965378 0 0
42.45428694673978 42.74870158452327 0 0
42.82794690132737 43.76388659344463 0 0
44.28729725974186 44.34463865194378 0 0
44.47743086057238 44.69310328554486 0 0
45.66052478709972 45.77935202373241 0 0
45.88161435034568 45.96726500579933 0 0
46.37226116575147 47.20777805447906 0 0
47.48840995322917 47.67017207984056 0 0
47.83056301788909 48.11502375973427 0 0
49.14555330258609 49.18116558947379 0 0
50.16089066257972 50.3538389570832 0 0
52.83337495883984 53.34042067791987 0 0
54.89627510616261 55.07094541140692 0 0
56.36603970443579 56.38600935465647 0 0
56.99417374955207 57.46124788722433 0 0
57.48061896316059 58.57352641265125 0 0
58.59258520816 59.16157886650464 0 0
59.19623891437978 59.41189307614306 0 0
60.12015311790997 60.38035896721616 0 0
60.758322428268 61.95893031646661 0 0
62.82070176269766 62.82906536047465 0 0
63.78901182897702 63.89363637552604 0 0
65.22525644900512 66.66015214574183 0 0
68.70811538593581 70.36672474978066 0 0
70.47258019553763 71.06648315288172 0 0
71.15213906659295 72.31881829048827 0 0
72.72857403886863 74.18839140934269 0 0
76.7848075546984 77.59558873815223 0 0
77.86457394151199 77.955197006722 0 0
80.42708332600381 80.55863008265862 0 0
81.83874891183625 82.27852582295452 0 0
82.80926305604615 83.73378734789866 0 0
83.80547738329454 84.03180268644563 0 0
87.5038314734901 87.56025840712223 0 0
87.70274365033428 88.22099050642417 0 0
88.65659082834452 89.35410756255554 0 0
90.43948355506403 90.58070458634164 0 0
91.28575930098626 91.54491003390226 0 0
91.81313902781103 91.91531597381376 0 0
92.66494560444607 93.63555614509818 0 0
93.66635602242619 96.02335007181615 0 0
97.62979025809567 99.96934768653199 0 0
