# Status file for ctqmc. Used to save all times t_s, t_e.
2
78
0.7262981415575891 0.5114301494162561 0 0
1.243732400395489 0.8890335367589968 0 0
2.505566511686763 2.104243741851707 0 0
5.216199849515462 2.881208239306849 0 0
5.337971588648321 5.29693577523757 0 0
6.714575078016033 5.839998587295188 0 0
9.476569657075885 9.252950342065358 0 0
10.44133932305493 9.923971345820997 0 0
11.7892152274287 10.5287086665084 0 0
13.02516601093492 12.33995681831998 0 0
13.06619234842715 13.0607410538288 0 0
14.33005387707252 13.89687871850195 0 0
14.49021965303251 14.39434133433761 0 0
18.30432868003457 17.26354555496412 0 0
19.6229748853002 18.80600782479073 0 0
21.44232912105748 20.32360630708744 0 0
21.77056517724057 21.7308955626297 0 0
23.20701627383077 22.95350265331157 0 0
24.99436980850188 24.0861510802808 0 0
26.43744082339656 26.23802349791166 0 0
27.74415106083407 27.53694904831719 0 0
28.05493087770601 27.91581541413992 0 0
29.29356431040497 28.70512928955365 0 0
31.12763722912589 30.80042196215747 0 0
34.72382955652582 34.45283278578151 0 0
35.47651882567408 35.38885340388457 0 0
38.93277176102578 38.22697260589764 0 0
39.11801416271786 38.99986297687275 0 0
40.05607496736462 39.3512178194375 0 0
40.73146804174971 40.06489335056039 0 0
41.07722304681712 40.79065752301027 0 0
42.56299244312187 42.47916639221865 0 0
43.90824731267706 43.10095088187553 0 0
44.28698384314912 44.26695037804953 0 0
45.1284052156122 44.55653071471628 0 0
46.97915961993011 46.65184577030192 0 0
47.21642127424239 47.06847960810538 0 0
47.50135602141017 47.50052619534102 0 0
48.98913706224451 48.77145688589421 0 0
51.82884929528993 51.51202375207687 0 0
52.9341462102723 52.68560575895482 0 0
54.16449010586573 53.91152259616477 0 0
54.7646154530398 54.27648432462961 0 0
55.0529811706848 54.84915674487027 0 0
56.66605633860455 55.33738505443004 0 0
56.7831093703175 56.76290452665042 0 0
56.99573955582427 56.88482357750326 0 0
58.44165622850527 57.25757766152145 0 0
59.12801185268261 59.1034997360124 0 0
60.70107833308664 59.89054589546919 0 0
64.29576996356597 64.05727556185873 0 0
67.65522263184128 67.30664316778334 0 0
71.72732772596409 70.67941727065481 0 0
72.97017090178431 72.4278851748729 0 0
74.27007633554233 74.05736951171799 0 0
74.82412868572793 74.729736722748 0 0
76.02931126466676 75.12011796261973 0 0
76.77098683543549 76.17691870066409 0 0
78.00359422706349 76.8479530016121 0 0
81.683421956328 79.70062470563168 0 0
81.93802742634729 81.89024214984586 0 0
82.80279729543513 82.59152653227099 0 0
83.60187722083677 83.57841919340058 0 0
86.17439764644131 85.37933370288107 0 0
86.43391697030069 86.36261581245617 0 0
86.60397356781138 86.50110691347111 0 0
88.74091981939902 88.61102699223562 0 0
90.52356711532254 88.95408589923164 0 0
91.31006577719879 90.65943769193657 0 0
91.5901785559246 91.38484252267131 0 0
91.90014210289358 91.86982878792818 0 0
92.73184760180773 92.04278586935665 0 0
93.09479679812129 93.01802312475429 0 0
94.76069450853166 93.72156394160031 0 0
95.72144662301243 94.97785396035577 0 0
96.56879211431237 96.06161084173969 0 0
98.02766690109168 96.89293192544756 0 0
99.01151025883713 98.96262867135869 0 0
85
3.1925072515158 3.99248630867136 0 0
4.147758451066345 4.48243448423908 0 0
4.878462283136346 5.056064951884773 0 0
5.073060243830831 5.575529802426794 0 0
5.796716169910988 7.07865646373897 0 0
7.733393923534551 7.764737788733688 0 0
7.804597253372146 7.923152736516744 0 0
8.614931884815945 8.829685928663586 0 0
9.25672680385826 9.50345970520368 0 0
9.941156377318102 10.08789851072004 0 0
11.39801227987776 11.55983398936723 0 0
12.22096744870733 12.37148335283166 0 0
12.51240948054965 13.12843760544937 0 0
13.64679740649722 14.37927076894855 0 0
15.36295978880873 15.42572730962865 0 0
16.97990449940789 18.07451464023367 0 0
18.10027445544122 18.46641236635977 0 0
18.79102320877405 19.1866698070036 0 0
19.19933446311252 19.38568291592136 0 0
20.67237280615982 21.31348796140974 0 0
21.32995684712098 22.10747003525689 0 0
22.84729574881692 23.20037145236118 0 0
24.33143939738185 25.04508712868909 0 0
26.59295132047514 26.768361985929 0 0
27.41368266276745 28.11423922319219 0 0
28.47171018547434 28.52566824823806 0 0
28.96442195774865 29.09677129272532 0 0
31.33293277885597 32.70640239422632 0 0
32.72347088535746 35.6092955872904 0 0
35.77944528383229 36.36147928548379 0 0
36.74172581348493 37.70578789111734 0 0
38.29349341544766 40.6314194318451 0 0
40.79534446232405 40.83632769160779 0 0
43.12303264249899 43.46629046190893 0 0
43.63718760603462 43.68613211306235 0 0
44.27498190192755 45.81847695948996 0 0
46.54963704606821 46.56535694621166 0 0
47.27428347043153 47.45816066907147 0 0
48.48721172771256 48.98151525358826 0 0
50.47281225567356 50.97161850462566 0 0
51.53478639259126 52.30028966855102 0 0
53.14346644392665 53.3770663956534 0 0
53.39897397256949 55.42805445897433 0 0
55.4511945561941 56.02900302836979 0 0
56.53750857125695 58.4774735386458 0 0
58.57224959527426 59.02886044424225 0 0
59.15373128326893 59.15962879094025 0 0
59.65321765375742 59.72965739415393 0 0
59.84325736041384 60.18478809829436 0 0
60.78952036680845 61.50200671424726 0 0
61.98224193812807 62.16634694852321 0 0
62.36368255209096 62.36693728220767 0 0
62.38361992526763 64.26547480482223 0 0
65.19132218825746 65.45592214124964 0 0
65.77105495296141 65.77781718398907 0 0
66.03340644116628 66.11814930513367 0 0
67.48016864358023 67.9369530949985 0 0
68.59052154377552 68.96111192238642 0 0
69.86695861069717 70.00039534698867 0 0
71.44526758376871 71.80450866490847 0 0
71.92041841086024 72.15533364234953 0 0
72.22504817981691 72.46127967046689 0 0
73.33597257917947 73.79469213636429 0 0
74.01271639623475 74.42521972647411 0 0
74.77342721343985 74.91114554886667 0 0
74.99694946791269 75.58491892389904 0 0
75.63638450114257 75.71600640965038 0 0
75.84732535296507 76.01580840877649 0 0
76.49953035041383 77.13583456980332 0 0
77.19816490292565 77.984697168347 0 0
80.52349643215514 81.24782094259982 0 0
81.31375844735034 81.72622784685049 0 0
82.01654982879745 82.05461731036272 0 0
82.06084875705697 83.91715024660164 0 0
84.84766619800405 85.70809062543687 0 0
85.72407506289508 86.0053306915805 0 0
86.13177580441757 88.48107231459051 0 0
88.75810367275446 89.93548003350098 0 0
90.06882849202549 92.39300545092054 0 0
92.84912302168702 93.22118916917537 0 0
93.47968415912818 93.51951531443468 0 0
93.57084015230916 95.73778304970273 0 0
97.38300441833499 98.83681688884469 0 0
98.90748904828592 98.98444497737066 0 0
99.36888056339824 99.54555701607188 0 0
