# Status file for ctqmc. Used to save all times t_s, t_e.
2
67
0.9981284254424445 0.6225593632932671 0 0
1.562823210892135 1.40090495056431 0 0
3.963081007133959 3.897039599741332 0 0
4.597389863559043 4.007922739457363 0 0
6.476819670589869 6.464847230004587 0 0
7.854834359047966 7.456242013791996 0 0
8.87325983870041 8.64924273715369 0 0
9.818687159493853 9.374850756409 0 0
10.12229620485076 9.90142898197154 0 0
13.86439511574091 13.30130236532674 0 0
14.17575290560774 13.87682418796335 0 0
15.29108102579326 14.58972296724036 0 0
18.35198595782094 16.75749271237378 0 0
21.75853671461759 19.28406843084291 0 0
22.476435334265 21.78457806177432 0 0
24.0368050841814 22.58066525942131 0 0
25.3378283255292 24.11704860282531 0 0
26.81871548047268 25.46985380792728 0 0
28.85329899816258 27.29741674507595 0 0
30.46268416618762 29.21759698921989 0 0
33.41705576789783 30.90219551167505 0 0
34.06078445864152 33.44183503666203 0 0
34.1051199133577 34.09814758577936 0 0
34.40582856427102 34.37173950110154 0 0
35.8809554796035 34.65768426527088 0 0
37.8045782551837 37.61004253636096 0 0
40.02151160233305 38.11136874816729 0 0
41.51853821042929 40.29568709665448 0 0
41.73009143940487 41.70105711094282 0 0
42.14628443396124 42.11452551495766 0 0
44.00824679499671 42.76197554262809 0 0
44.20004047813083 44.16873210554304 0 0
44.92749508391811 44.61998588987644 0 0
47.00031310643445 46.77962998282672 0 0
47.2087363804804 47.11598258335854 0 0
48.29158364007758 47.91636527425474 0 0
49.16937075245719 48.2989780472537 0 0
50.42721937263009 50.32232063649279 0 0
51.52724518232952 51.37549976753438 0 0
52.49740551346742 52.25507809536309 0 0
52.84137258989189 52.82521599357433 0 0
53.2689401595421 52.85336576439229 0 0
55.10467206953552 53.48235045586413 0 0
56.54747820206875 55.45290205313004 0 0
56.93851127335485 56.62685609759298 0 0
57.75980258854022 57.51534783477423 0 0
60.3250968953868 58.54847399984594 0 0
61.16623694389415 60.68097134477648 0 0
62.21666760717554 61.28909736501964 0 0
65.59006946427617 65.38066992666795 0 0
66.7861648077011 65.90934994269627 0 0
70.63888297410901 66.94689900697325 0 0
72.14104975059935 71.96233006112134 0 0
74.35879905700598 72.33385802740295 0 0
76.55473363248896 75.26815518499086 0 0
77.87238143010796 77.70007638788317 0 0
78.22737740611966 78.21013773025452 0 0
80.27190319555295 78.57042863633757 0 0
81.35261778738328 80.51280074894191 0 0
81.91663949803547 81.76311120256473 0 0
84.94715169594494 84.41885245663232 0 0
86.22363117382167 85.70049932586302 0 0
86.43443700372138 86.38061983242309 0 0
91.34659610149215 86.93095326454143 0 0
93.61468046275417 93.53826355713578 0 0
94.15044576916905 93.78144592273678 0 0
98.29158448377132 98.08828360188997 0 0
79
1.882539566205337 0.1391488335041515 0 0
4.387770890341775 2.602774624144985 0 0
5.4736196021259 5.15391489274552 0 0
5.828003769035955 5.47856004554186 0 0
6.1397181070129 5.987416789223079 0 0
7.623245917727729 7.58224940886396 0 0
10.5128243466119 8.399521384821112 0 0
11.30782387607949 10.5684777995026 0 0
12.1016122624451 11.32456129747291 0 0
14.04324289991723 13.17090743671244 0 0
14.9610619682924 14.75223261016801 0 0
15.29604822788844 15.18995616676939 0 0
15.42763353318889 15.32188977037232 0 0
15.97743805031662 15.72138079341292 0 0
17.84456021100813 17.71438119571022 0 0
18.50860446764288 18.21447154528951 0 0
19.19906658444697 19.03727601306326 0 0
21.8867093614556 21.70402736364366 0 0
25.43580588718049 25.27998042968041 0 0
26.17381590316005 26.0028673787729 0 0
26.52236590473145 26.28043700119199 0 0
27.66865036580549 26.54741937248237 0 0
27.84251478789196 27.80118014828088 0 0
30.87534467815239 30.76659743459019 0 0
34.51534944679091 34.4234924189342 0 0
36.10528444669393 35.95417253119865 0 0
37.25006161602867 36.15141385497655 0 0
38.18739767625362 38.17328318652183 0 0
38.79603294973168 38.201642564254 0 0
40.13952279289876 39.94098442247491 0 0
41.62071217119263 41.39876452308967 0 0
41.88704547465141 41.8737352567654 0 0
43.5331532576907 43.39912398505071 0 0
46.39765071284472 44.8811987506899 0 0
46.76216938601549 46.59889366672483 0 0
47.88415914128096 47.07851777125613 0 0
48.79233733806932 48.3986418150024 0 0
50.29229569184712 49.2609661702236 0 0
51.53039155716863 50.3039782149162 0 0
52.59795928985386 51.99509395791132 0 0
53.42169742243453 53.4212478138542 0 0
55.04439827622695 54.66517097181725 0 0
55.7008520311182 55.29526597812421 0 0
56.81673961343343 56.44697579197824 0 0
57.79673720071457 56.99161310085081 0 0
58.89625006115988 58.85276982379643 0 0
59.00587667916977 58.90905732400832 0 0
59.738270217931 59.5744301498999 0 0
60.25201188165511 59.9240849545609 0 0
61.59673195541745 61.24504963556107 0 0
62.58678790541542 62.07361846885817 0 0
63.24629321073446 62.98818933425297 0 0
66.09208851147289 63.31331983377426 0 0
72.16821055728975 70.28258512884588 0 0
73.25764211097827 72.68731643141976 0 0
75.66345338655573 75.09310639561016 0 0
78.01798594412824 76.35052443668005 0 0
78.54652879219068 78.53998519916428 0 0
78.81760585745403 78.76572144259303 0 0
82.35423520541794 81.0915226254499 0 0
83.06393071122879 83.0352552678717 0 0
83.31573066199923 83.0726910993653 0 0
84.56316628228952 83.84988025790443 0 0
84.84569122873742 84.70393307695748 0 0
86.34196010309833 86.18551024890462 0 0
87.18780298756865 87.15332309216197 0 0
89.02565745879383 88.97856951366218 0 0
89.71049197674235 89.3967227999287 0 0
90.79352410513411 90.38641692855138 0 0
91.14775260985527 90.91457329089262 0 0
91.50951272419221 91.26239575342461 0 0
92.80043400732382 91.54121651636648 0 0
94.16547901759515 93.13172874816441 0 0
94.99421300248268 94.91392756274466 0 0
96.0236477564024 95.02832027024505 0 0
98.09818083316625 96.64582479640271 0 0
98.95914077761562 98.44724031001668 0 0
99.57633497112232 99.02104047615153 0 0
99.98547414640736 99.91780434128201 0 0
