# Status file for ctqmc. Used to save all times t_s, t_e.
2
77
4.738078245819066 1.53227472524215 0 0
6.360792878918806 5.540207763337122 0 0
7.259328144222557 7.153448040677462 0 0
7.851333799008797 7.554032979328812 0 0
9.337895330290396 8.408524532679666 0 0
10.23767644809139 9.553666062415409 0 0
10.84616072601647 10.24596303723678 0 0
11.22075751311991 10.92019147644085 0 0
15.20415403458468 14.47338448957785 0 0
15.87295790367531 15.2752983646713 0 0
16.74644089210276 15.91056160257241 0 0
17.48750053022368 16.93153570754304 0 0
20.18011782213071 17.55700449014832 0 0
21.25423407901327 21.23752786896069 0 0
22.16017659189 21.46367532356051 0 0
24.07315829267861 22.63102553424331 0 0
24.53060701309364 24.35834090544449 0 0
25.90994469078309 25.70637663253486 0 0
26.61180777498548 26.28631153203823 0 0
28.18721235960734 26.78751484312418 0 0
30.39629309791936 28.83589392284765 0 0
30.8553353242258 30.53571005063294 0 0
32.8054539634623 32.50681178077855 0 0
33.91343138387892 33.91101474881174 0 0
37.63451693312526 37.03373843401172 0 0
40.21005155080694 39.49620069659417 0 0
40.49426391166202 40.39194587316448 0 0
40.7103726711762 40.70266062435554 0 0
42.33789384253951 41.95738874389683 0 0
42.63196395247371 42.54780666493654 0 0
42.70954611217147 42.69592453169781 0 0
43.5087724700507 42.89894543140825 0 0
44.17969328710436 43.69571971744248 0 0
45.64191150258171 44.50284039132733 0 0
45.90665897403775 45.6428890671849 0 0
47.85256613640814 46.98812032030158 0 0
49.98764547543958 47.91127093243292 0 0
50.71673445039234 50.68932116052868 0 0
50.89867724053835 50.87235575007655 0 0
51.24496210353379 50.98304956784234 0 0
53.75795341109527 52.1806410536302 0 0
54.17077945234446 54.14294739105743 0 0
54.72455967861 54.63828694073906 0 0
55.85261975722318 55.83578279317351 0 0
56.49207589912042 56.29377646680496 0 0
56.63966575871014 56.57073646685969 0 0
58.82611653290009 57.04051290626612 0 0
59.75450799788737 59.12372614396761 0 0
60.10170892525389 59.99431174467196 0 0
61.81016507527207 61.79839800557107 0 0
64.60727980293531 63.56223864691783 0 0
69.88875859244381 69.65823166513201 0 0
71.20171539778559 70.16866115604475 0 0
73.15887214593369 71.36983052983574 0 0
74.09500175501088 73.22231156277751 0 0
74.67782228493172 74.34931638449548 0 0
74.86710461358315 74.76779824927902 0 0
77.12671882885951 75.05117928335277 0 0
78.27942668780787 77.24920045765134 0 0
78.94723011823837 78.92493565635765 0 0
79.94131414388804 79.21787705653414 0 0
80.22500441094024 80.16348940185907 0 0
82.27833231494702 81.53330655399371 0 0
82.67759861725111 82.32833425765185 0 0
83.61618797096321 83.44677563435437 0 0
83.72602689855944 83.68694104983659 0 0
84.84125528263461 84.50800622868979 0 0
85.12972237694689 84.93761985965455 0 0
86.76411886974034 86.55466754013915 0 0
88.5263957869054 88.46161994950229 0 0
92.27036562834357 91.72709744064535 0 0
92.73417906336638 92.69243066718856 0 0
94.22243392372734 93.84090978636392 0 0
96.53739531758291 94.94782906072615 0 0
97.57761023796149 97.15464762840929 0 0
98.32844563404029 97.87857429662432 0 0
99.33340323793099 98.68058823280795 0 0
72
1.775272313946006 2.068745764428378 0 0
2.492937529432827 3.959479177772049 0 0
4.262591818273566 4.889919325549915 0 0
5.179324756921761 5.408660963759282 0 0
5.763151799815278 6.521502779231641 0 0
6.558453291861737 6.773494860253408 0 0
7.517266639181524 7.805762443013475 0 0
7.977017131378008 8.042418778896357 0 0
8.130801615924664 8.240058049731774 0 0
8.352181610990691 9.324785465307128 0 0
9.631569387777303 11.53429378767645 0 0
11.7256333217726 11.88617019386452 0 0
12.21255245560488 12.32391844833258 0 0
14.19249510722601 14.19656322468708 0 0
14.19771980279077 16.70100356970251 0 0
17.1772630076151 17.4232581710445 0 0
18.3340206704631 20.51828470852653 0 0
20.7750073893077 20.7969939605937 0 0
21.31728780765791 21.47990854514303 0 0
22.62547990537178 24.24368320853953 0 0
26.84122392187613 26.86426887898903 0 0
26.97177514441026 27.15797551521944 0 0
27.55558073277436 27.78243749306473 0 0
28.13075221119537 28.21366500915302 0 0
28.42024054122561 28.50228580439108 0 0
28.66062451086261 30.03120144543318 0 0
30.13197973889973 30.91760345079634 0 0
31.26856395697297 31.63315160557205 0 0
36.59021164641067 36.63948970495895 0 0
37.3862978261001 37.44710030766723 0 0
39.96052540914769 40.45441509652199 0 0
40.51880901439509 40.52319075695306 0 0
41.85279485808114 42.22698246881028 0 0
42.51281097617737 42.53198482218558 0 0
42.67943422648484 45.77257491063109 0 0
46.31055916649578 46.32031216808031 0 0
47.20199211451541 47.96676846223716 0 0
48.22732512673046 48.72038709261032 0 0
48.95989679838902 49.03162706231092 0 0
49.32775299737305 49.35141832998745 0 0
49.3917362609719 49.82707589767293 0 0
52.45955005024815 53.86968513130661 0 0
55.33710179450145 58.29100589991344 0 0
58.38033983335909 58.49459795515405 0 0
59.56866529181102 60.32088165426041 0 0
60.94986927791781 61.08149536603264 0 0
63.58395147753818 63.78363304365973 0 0
64.36884657994366 64.56257738346258 0 0
65.92428115421164 66.26556673184052 0 0
66.37967214176639 67.01612622729513 0 0
67.6403329885635 67.73738414888338 0 0
69.95920929752614 70.18381790625044 0 0
70.31256614521129 70.92735385994837 0 0
70.99651870740858 72.85344052189465 0 0
72.92771980978262 73.31426206517069 0 0
73.73269785420152 74.21726167942211 0 0
74.23829180130178 74.97212022976554 0 0
75.1089524608188 75.96928971808589 0 0
76.22334181449666 76.6126608681386 0 0
76.66714728546123 77.90456172318758 0 0
79.11002943301511 79.64305649576868 0 0
79.93474757841081 80.16353067653431 0 0
81.26314631495715 81.39719299213819 0 0
82.47304491777055 82.51940900276617 0 0
86.43902987379774 86.47046565047425 0 0
91.94228957121122 92.10652101140501 0 0
92.83629354654857 92.84940554028299 0 0
94.4544995158943 94.74066295605719 0 0
95.30589621088237 96.42477688729619 0 0
96.91043974662632 97.02630721699674 0 0
98.07522436982536 98.58092513947388 0 0
98.61452640163114 99.36781956697371 0 0
