# Status file for ctqmc. Used to save all times t_s, t_e.
2
58
1.39349409228621 1.361928478477523 0 0
1.744982361334479 1.574136345687256 0 0
4.527496812374334 4.410416117456849 0 0
4.941944406324554 4.81911555328587 0 0
10.74220534973588 10.03252501731665 0 0
12.25404500543563 10.83927347077385 0 0
13.34820306755546 13.22443427359908 0 0
16.20116995552488 16.1331558442998 0 0
17.63159632009591 16.98105025688491 0 0
19.46183468911455 18.86952200488299 0 0
20.38778236291008 20.31914511691074 0 0
20.52717209528092 20.42041368120408 0 0
23.854361178649 23.56385166281034 0 0
26.5963243028832 26.29235218219794 0 0
27.40085614931975 26.83294500640683 0 0
29.05582698293464 27.43011018205125 0 0
30.0471412911437 29.39645181330065 0 0
31.27747586763913 31.27476636019501 0 0
32.2775897457402 31.52256157143913 0 0
36.21747347311359 32.69559974357695 0 0
38.74530911807128 38.65613512423174 0 0
39.39290164395408 39.11235961126572 0 0
39.87804789598606 39.53531557131867 0 0
40.01927673849145 39.95752177533923 0 0
45.99333154643791 42.72697743811084 0 0
46.12283971832512 46.04877979034853 0 0
47.35490201887406 47.01131456394164 0 0
47.54000452624936 47.52789643094395 0 0
50.6965482189209 50.39169587766936 0 0
52.00848515459069 51.94440726530149 0 0
56.4743771871875 54.53201918575787 0 0
56.78231741175195 56.73805938235033 0 0
57.96764102046424 57.64106933965217 0 0
58.58742625217414 58.01524412892405 0 0
58.93889764355401 58.89186297721535 0 0
59.7128931252409 59.61774673645469 0 0
63.03305002239192 60.7244646155755 0 0
63.709453690677 63.49827160938229 0 0
65.96515262554773 65.33638009056335 0 0
67.21729446279124 66.82567306677733 0 0
67.60709434376237 67.60197378806312 0 0
69.92165158346205 68.84397008676687 0 0
71.37391274218125 71.15340503182961 0 0
72.55473561227596 72.40679396680999 0 0
74.72270540558762 74.6047598734576 0 0
76.15914366107734 76.10633904254274 0 0
77.07815568694167 76.60231074095863 0 0
78.90532448460574 77.20323029534133 0 0
81.05363183037268 79.08568943166891 0 0
81.5516581374641 81.13662326534727 0 0
82.76267436930085 81.87233974259877 0 0
85.50398144156294 82.77926387741593 0 0
88.94521363306347 85.8729951328332 0 0
90.08133246368746 89.95681653102201 0 0
92.03152089767524 91.94185473890221 0 0
93.54903778006839 92.14650401529461 0 0
94.74224143460924 94.54876938422015 0 0
94.79225523662183 94.78205418608755 0 0
56
1.282872054871133 0.005239785608125658 0 0
6.374894377733538 1.727830178385416 0 0
9.263792739348609 6.834646137267534 0 0
9.848260445933031 9.311786253496036 0 0
11.89764596003043 11.83303535104531 0 0
12.05881617272614 11.97472297658891 0 0
14.49190283465581 12.28451525514401 0 0
15.5723164250029 14.61598315139334 0 0
15.90935693520885 15.75550753467632 0 0
18.61638809701553 16.7074027436132 0 0
18.94255546724608 18.9371555719241 0 0
23.47353221945857 19.1892233852664 0 0
23.77016847283474 23.69765603461991 0 0
25.29723281749668 23.78275127983671 0 0
26.1643585351976 25.55320662578362 0 0
26.91841809865404 26.52041887520753 0 0
29.93135985736313 29.18184400277754 0 0
31.14800071282761 30.44156040751537 0 0
31.38583216895178 31.19620801907805 0 0
31.60386683988266 31.43524234684339 0 0
33.06718140367789 33.00441462578241 0 0
34.35119308678914 34.25151464991519 0 0
36.32370914162593 36.07366332945671 0 0
38.93752430346895 36.52432327878473 0 0
39.30371063253854 39.14821664796031 0 0
42.72233994135158 39.98017202299049 0 0
44.15575022090124 43.81065571368116 0 0
46.59538880968219 45.6027339729443 0 0
48.79866809535871 47.11438874867618 0 0
52.59149035300148 49.08406907005961 0 0
52.97282659600257 52.94779944678922 0 0
54.2153308986159 52.98293285471603 0 0
56.13094857583071 56.06350850338559 0 0
56.72703771630293 56.53662782447289 0 0
57.63800706506888 57.20427926834588 0 0
58.6851294746939 58.5328459686503 0 0
58.93139524816537 58.7179196616049 0 0
60.69361289996716 59.06233383998007 0 0
61.89145106724043 61.66314635943861 0 0
63.84494234515736 62.88111240281469 0 0
65.60050811491186 64.0151683966525 0 0
69.30121582331711 65.87745054427275 0 0
72.23404522735621 69.85558764006802 0 0
76.47363015340497 72.54635806733711 0 0
77.32062994504312 76.86326074892503 0 0
78.16218179918683 78.13695784636137 0 0
79.07689539053736 79.03968686808909 0 0
84.12374176298466 83.97808825388958 0 0
91.47959049850151 89.01660310726653 0 0
91.98718018760515 91.78310833217287 0 0
92.19700205283971 92.00006960156465 0 0
92.73919331396638 92.4641150145586 0 0
93.44989528515137 93.44388213774792 0 0
94.63458951007145 93.54277352276297 0 0
95.00036115350542 94.64301837632439 0 0
99.83421541884893 95.17259691466634 0 0
