# Status file for ctqmc. Used to save all times t_s, t_e.
2
72
0.3003023100745281 0.2694394225853927 0 0
0.756358218783824 0.3991180187705211 0 0
4.606749028707513 1.276832949647273 0 0
5.032959594419059 4.922684915858355 0 0
5.186769195138404 5.130381355686681 0 0
7.228052437405008 6.83732299640099 0 0
10.85044793937632 9.685121223358751 0 0
11.17218831138146 11.01099178260507 0 0
13.2233305780154 12.04168987726279 0 0
16.17600095655418 13.52022073008424 0 0
18.87933295202972 16.28942361027486 0 0
20.12948796715528 19.95722093003733 0 0
20.3258089405686 20.32520441787725 0 0
20.9032501432434 20.38093727345682 0 0
23.83224063979099 23.79156057626842 0 0
25.81435481480843 25.77477843075459 0 0
25.97364731043197 25.95685251694247 0 0
27.31202687953888 27.1170235645594 0 0
29.18868296804183 28.87283064430773 0 0
29.45516040393887 29.42390933303322 0 0
29.61711075688363 29.55721335176171 0 0
34.34751417765833 29.80454336562543 0 0
37.1389475605212 34.52454221376889 0 0
38.18852297391801 38.16563453851747 0 0
41.39990558167628 38.81586968820483 0 0
43.69041786564001 41.9921180377819 0 0
44.12177431322879 43.72197446761302 0 0
44.50220504575969 44.2261889990864 0 0
47.90382649814663 44.6803865341067 0 0
49.04027550856644 47.97880851158988 0 0
49.47663683223101 49.37429005358076 0 0
50.35922657673261 49.5451832930376 0 0
51.81558006721152 50.66019305941066 0 0
52.11191558178589 51.9097091396775 0 0
52.96786483950376 52.70277657490512 0 0
53.32925256943268 53.22999898539958 0 0
55.80328232830978 53.42903144286959 0 0
57.6912643525284 56.23430343396625 0 0
58.00592769768142 57.80274849777069 0 0
58.2406625617066 58.03148719413022 0 0
60.25821037474112 59.62640148661529 0 0
61.15646965787587 60.27977088066707 0 0
61.71590154873789 61.21822983168069 0 0
62.59402579071119 61.76476375433199 0 0
64.457505062206 63.48073610148018 0 0
66.30979066369434 65.77444541831348 0 0
66.88857205581864 66.88316423062118 0 0
68.00909907158322 67.52158496894126 0 0
68.28695070002246 68.18414042311754 0 0
70.01494534352828 68.58527038158928 0 0
70.43885950641912 70.14504193064751 0 0
71.54175513264201 70.8668516911959 0 0
72.90786139765306 71.81150979170876 0 0
73.18362350347094 73.1426318900815 0 0
75.4690637519131 73.36658183789596 0 0
76.87194645681939 76.76196760505005 0 0
77.14486691853241 76.93192090420867 0 0
77.18985612520397 77.15817472543739 0 0
79.3522012460182 77.40047572060209 0 0
82.53689654453456 82.36380311648672 0 0
83.91649720056692 82.65855254568312 0 0
85.08853378268036 84.15908844861789 0 0
86.97730604197422 85.88443038089186 0 0
87.33463788016743 87.32409006662192 0 0
88.29616825664486 88.10805277692683 0 0
90.73634978033766 88.89531358104519 0 0
92.9356053248659 91.57394885115704 0 0
93.34433335953292 93.0203502499803 0 0
95.80428878249057 95.7186277962798 0 0
97.23563657554401 97.09349262165405 0 0
98.51956999285331 97.27018754899707 0 0
99.97592484843626 98.623146548336 0 0
74
1.306876777288401 0.8216517941141409 0 0
1.656212059661061 1.500754247765243 0 0
3.961666845699297 3.068633079310322 0 0
4.19214398721657 4.073471525774712 0 0
5.222890743417497 4.318701586110651 0 0
6.531014403232726 5.455618252367808 0 0
7.941174716356321 7.285209610042039 0 0
10.27514519002165 8.006118090067474 0 0
15.86956548891656 15.34486307266046 0 0
16.10262415022067 15.96381222356687 0 0
20.01621352190028 18.77763632365614 0 0
23.30427343100972 21.04048382987575 0 0
24.42106044896861 23.37904955598812 0 0
24.68195395698614 24.60272908205337 0 0
27.8844244323479 24.97443607567975 0 0
28.78373745254973 27.89652613671977 0 0
30.44442187625712 30.20686613432639 0 0
32.62679218415227 32.45719182765162 0 0
33.56980261387 33.50947615977168 0 0
35.56010724193523 34.35338762431279 0 0
36.30165810984066 35.69147547338748 0 0
36.76744601518545 36.55113997233969 0 0
38.34978333019674 37.1276168359362 0 0
38.45615350562532 38.36851888486277 0 0
38.79160771703194 38.48963307802854 0 0
39.21342882589393 38.93899206677495 0 0
40.64953966545754 40.46257831594631 0 0
42.90519053775795 42.82633956665715 0 0
43.58780075981157 43.57203931255317 0 0
44.63910587117802 43.88567875215124 0 0
44.87787219209145 44.85645636950381 0 0
46.48970542032199 46.43104118333679 0 0
47.96697693682009 47.89134516645514 0 0
49.47401576615046 49.44043397255743 0 0
50.18217980039169 50.07837944206938 0 0
51.18034032822468 50.8898551973075 0 0
51.60660867277215 51.55822379788884 0 0
52.52558588217179 52.02451675712962 0 0
52.71652592345517 52.69042085141126 0 0
54.47945469186072 54.40871993406556 0 0
56.5076747812701 56.39521712746952 0 0
57.25134943054027 56.51255972991074 0 0
58.22574337992305 58.20726289625798 0 0
59.55074231333446 58.30407313472067 0 0
60.16131821245452 59.99979938571796 0 0
61.35414529668351 61.25797716809887 0 0
63.64016788331654 62.57150416120177 0 0
63.89039248944508 63.88226230985298 0 0
65.8784714208106 64.34994137432037 0 0
68.76197447937552 66.39235876693527 0 0
71.82690020472471 70.24862202479066 0 0
72.48916524867936 71.84715358428714 0 0
74.19410700919967 73.98625870331273 0 0
74.7327074496373 74.60069780122545 0 0
76.95165990613488 74.74258995394354 0 0
77.68351285911106 77.68324330290666 0 0
77.94358540557282 77.93596941475752 0 0
80.40014213256488 79.46235387266309 0 0
80.51897349860141 80.40087874006549 0 0
81.74495282177828 80.52790332217849 0 0
83.96285372635865 83.69329840358647 0 0
84.05316375085727 84.00885129143516 0 0
85.55528735165015 85.39337415391891 0 0
89.39420936107163 87.95290297747874 0 0
89.94601290089757 89.94255814491996 0 0
90.03657649931399 89.992744448164 0 0
90.30944654641002 90.2941064481422 0 0
90.90064672210893 90.70087997228121 0 0
91.06887311288854 91.03188430136059 0 0
91.24719420364146 91.07722174321 0 0
91.73599179225143 91.50043338086289 0 0
92.8771509130777 92.70305843553713 0 0
97.35559035233591 92.93760473150184 0 0
97.42409610063393 97.38594483142222 0 0
