# Status file for ctqmc. Used to save all times t_s, t_e.
2
50
3.174951518153927 0.2178418585094413 0 0
3.786482130682172 3.447551046914011 0 0
4.447143066373016 3.926111779798712 0 0
6.134006502459914 4.467524574766958 0 0
8.364391934107884 7.110973858489233 0 0
9.678922952100658 8.487298331145549 0 0
14.56314429560035 9.977284668129533 0 0
14.82487265030888 14.66102204465528 0 0
17.54222177485941 15.31569641599669 0 0
18.01699993629498 17.85481220060591 0 0
18.71869053836534 18.05946953731304 0 0
19.47850220111029 19.20862113843488 0 0
20.68426290097961 20.59908937137324 0 0
24.73502549716823 24.46910225604531 0 0
26.75671647429434 26.24262771647291 0 0
28.52145150914565 28.45239804785414 0 0
31.0702469723213 31.01595130295686 0 0
33.00133394654141 32.68320747484371 0 0
33.84179167625065 33.83107281422285 0 0
35.34276908832214 35.1407640904505 0 0
37.11044309023101 35.5749566698452 0 0
40.63780323631517 40.30524476309839 0 0
44.11458768400145 41.29978843916209 0 0
44.49870948554361 44.21379121330802 0 0
45.48908430884359 44.87311404272812 0 0
46.9379247727933 45.52763301781122 0 0
48.1084458935216 47.20590335110254 0 0
50.54201813881533 48.40456937369527 0 0
50.71346381637905 50.54775373373171 0 0
51.21765665589594 50.76262128919934 0 0
53.87320547067837 51.4902742236201 0 0
57.17665364197878 54.20197862160401 0 0
57.64324993048287 57.51178576023643 0 0
59.75972276669916 59.56762479163616 0 0
67.49256982774276 60.73021611719768 0 0
68.20218027501984 68.09912720103553 0 0
71.50108844863759 68.58698136248103 0 0
73.46359323850302 71.96181958639976 0 0
75.15019348021858 75.03008384386952 0 0
80.1586203449485 77.96057799877164 0 0
80.58591375741213 80.21110652162567 0 0
81.46661850524679 81.43831434261473 0 0
84.06057478546772 81.79159319934499 0 0
85.56391432893309 85.05731343593537 0 0
93.49574509949269 85.66675059063412 0 0
93.75594850218337 93.69987625754359 0 0
94.45144062053039 94.01382102514411 0 0
95.5283797103437 94.56693815895417 0 0
98.06164498489672 95.89861879703811 0 0
99.71932886418327 99.15348533620352 0 0
75
0.06729693484299944 0.6080988446735631 0 0
0.8473055713074302 0.9627304712484062 0 0
1.260813420867337 1.660792259285749 0 0
1.784415101872984 4.413382916317941 0 0
4.473646919270147 4.84488721345866 0 0
5.042109268639529 5.226070020577883 0 0
5.277719796807976 6.212526726635428 0 0
7.215468255907068 8.221965972350853 0 0
8.244332308124555 9.027912066455807 0 0
9.253712690486346 9.736230807244896 0 0
9.823811429437118 11.89175540334975 0 0
11.97284611978135 12.04474197824811 0 0
12.11164079997017 13.95173071696997 0 0
14.65293044631312 14.75652593859784 0 0
15.41023113792386 15.70581535183172 0 0
15.81416407951669 17.37089366545035 0 0
17.9135408047 17.97645539163878 0 0
18.16855857664004 19.03100855302858 0 0
21.56854475655675 21.59872617153079 0 0
21.99864764797613 22.27293112872996 0 0
26.15452583067869 26.37053960537232 0 0
31.92703466798199 31.93817001702759 0 0
32.23238386149944 32.28981553154048 0 0
32.73121491774255 33.315657138951 0 0
33.39916007770722 33.48365596349188 0 0
33.95030521689276 33.98225736930223 0 0
35.0464824479111 35.37505732026925 0 0
35.47874595520614 36.38840201924567 0 0
37.25423257389006 37.3321743055341 0 0
37.66808554415217 37.85750561455598 0 0
40.37430954077528 40.67429321682818 0 0
40.67522654187162 42.46116179602941 0 0
42.51628313735352 44.53341097990631 0 0
44.78296551034613 46.28726108124902 0 0
46.32229745789292 47.00613339725277 0 0
47.17178075876618 48.04696788474435 0 0
48.24048925694419 48.24920564498837 0 0
48.31748834276204 51.02200706250991 0 0
51.05825170626665 52.06844739508566 0 0
52.20507425650536 54.42887460275387 0 0
55.01987845077804 55.03258499978952 0 0
55.23078143982281 55.91706743368361 0 0
55.97979908149909 56.40262209589965 0 0
56.70663946318216 57.36659603825943 0 0
57.73251484145292 57.75358318072484 0 0
60.57915543497477 61.58421611988177 0 0
61.60090961047096 63.51120739324232 0 0
63.66909145648882 64.23862321102864 0 0
64.73081953039697 64.91753922111468 0 0
65.11827398307747 66.34451962383527 0 0
68.7119893682616 69.25295095286418 0 0
69.4466512963711 70.21527116777141 0 0
70.29653690769081 71.53402974839769 0 0
71.59864946825901 73.08579539728539 0 0
73.10963405911633 73.33056749561577 0 0
73.64667966389904 73.70188462056987 0 0
76.55291326429766 76.71026187117712 0 0
78.92164037808305 79.42837208936336 0 0
79.45336151766962 79.57640005831915 0 0
79.67651233029322 80.4482112921431 0 0
81.45419862306179 81.50835370285597 0 0
81.7106614215798 81.9782537749396 0 0
82.09187835496549 82.7681629773478 0 0
82.85127775138244 83.48784338889361 0 0
83.55577613173784 86.96829171289862 0 0
87.07925920020755 88.01153835710798 0 0
88.16609903363624 90.15917465148858 0 0
90.19935666624882 92.11520459987352 0 0
92.92657279283608 93.26930216106157 0 0
94.10206804604276 96.86875444309885 0 0
96.91236980496571 97.12826266903259 0 0
97.47363166169947 98.00326516150096 0 0
98.09414196661709 98.33137641272431 0 0
99.49849795147068 99.67334663786809 0 0
99.88813169376792 99.93118398723519 0 0
