# Status file for ctqmc. Used to save all times t_s, t_e.
2
59
0.2857791463262913 1.323866349124889 0 0
2.125363123229108 2.152001170478053 0 0
2.158934433274668 2.391703844357803 0 0
2.548884157216935 5.944415207868527 0 0
6.142177664575206 9.074657194401327 0 0
10.14066674057757 12.45560096589974 0 0
12.65321683709954 14.41763348014009 0 0
14.68324391871832 14.85530759105463 0 0
16.71281276762071 16.77727730772729 0 0
16.89147244045097 17.24662626908474 0 0
20.43025446897908 21.66079027320177 0 0
21.76901119562846 21.87453504692101 0 0
23.55019463182552 23.67305001893568 0 0
25.60479294403498 25.86839250707003 0 0
29.91846589478367 30.01756289157413 0 0
32.5444489654186 32.55528291317376 0 0
33.51601934661924 33.93293752028679 0 0
34.85357547382823 35.93853470931678 0 0
37.40221521677088 38.77708508762449 0 0
38.94624800507637 38.96534146137055 0 0
39.02095170358542 39.06127724636686 0 0
41.02707129523189 41.25018190058348 0 0
41.7286124357554 42.43010905473702 0 0
43.3953133330287 44.2840218861982 0 0
44.28645625835931 48.21595746178649 0 0
50.28573396798176 52.67031300082085 0 0
54.65160376672794 54.66447834394915 0 0
54.70530502072903 57.73108481420568 0 0
57.76908164758556 60.02116712325379 0 0
60.20870711346578 61.64482711959197 0 0
61.86410698076863 62.38035752092776 0 0
63.25799801591397 63.85134674944339 0 0
63.94928123714476 64.24007102700872 0 0
64.32970691794007 64.61630806152499 0 0
65.14559088454598 66.57069488652775 0 0
68.01599239084337 68.58319315631469 0 0
71.0443481695989 71.47301338194626 0 0
71.48812583086708 73.63559857255126 0 0
73.73644402770232 74.2417990184551 0 0
74.37347611631505 74.76247730641296 0 0
75.25051182223915 76.21202009395525 0 0
76.9405808375987 77.22544631651452 0 0
80.48248259216972 82.57696160616075 0 0
82.59030823259528 83.78922848013981 0 0
83.97508876878449 84.79775623078353 0 0
84.92571355138411 85.92953840920211 0 0
86.0303663625524 86.42330008931239 0 0
87.3187755679716 87.48538852249803 0 0
88.5944789321323 88.80617044575357 0 0
89.00024994815747 89.76594681826889 0 0
89.77101987004178 89.77620875901385 0 0
89.8421760782466 90.52201937042094 0 0
91.1151071935337 91.43499626339691 0 0
91.57751785362071 91.93177428322797 0 0
93.42259916635128 93.53263521871727 0 0
93.86053066449351 95.26939162910483 0 0
95.39339122677229 96.53452029706099 0 0
97.05406795185795 97.05581403739099 0 0
98.99522662012575 99.84888410001064 0 0
64
0.9769401419243344 1.377880966806695 0 0
1.63296524974526 2.620267697520056 0 0
3.778257588131823 3.923339963508743 0 0
4.022818644211502 4.032116145230343 0 0
8.225384313908 8.248822588897955 0 0
8.918393279520036 9.505670370571554 0 0
9.709372145031253 9.747451439073426 0 0
12.49397700485877 12.69020765960262 0 0
14.15641861275718 14.43534974906425 0 0
14.47067255382634 18.35437622135027 0 0
18.44975529559783 19.57666032148893 0 0
19.68421005194335 21.29610948886316 0 0
21.53650514289956 21.9293108260787 0 0
22.45936292433918 23.83033939028002 0 0
23.85954782133326 25.67568692270434 0 0
26.03867969365314 26.78551513608123 0 0
26.86687610192304 28.59060219781778 0 0
28.80992379108223 33.31158534742945 0 0
33.51847232852989 34.85521970010589 0 0
35.58064839576827 36.32531071268149 0 0
36.93907328363495 36.94602251181206 0 0
38.79972622628886 40.66377070590151 0 0
42.15251627901846 42.22612461786903 0 0
42.29606380671794 43.26600344023196 0 0
44.96618092526423 45.05163615137391 0 0
46.16816874154718 46.18174717149595 0 0
46.22984452718092 46.40740808899923 0 0
46.43577236378761 46.73915443725026 0 0
47.64612022745975 50.15687214484209 0 0
50.20345316550512 50.3640069428926 0 0
50.58200685768991 50.93913079983061 0 0
52.28903588949557 52.47141677772621 0 0
52.55199607824255 54.81655106045348 0 0
55.75431291692766 55.83725413622049 0 0
56.08656749148393 56.28038436011077 0 0
56.77539298904811 57.24881038053802 0 0
57.64254466814128 57.77243532686683 0 0
58.47282353159193 58.61318290073981 0 0
59.49995818267828 59.51577506035148 0 0
60.30858622736542 60.41946869514844 0 0
61.54087689112962 61.54728356304905 0 0
62.62971067483348 63.36526044369462 0 0
65.43399299580778 65.55841205381797 0 0
66.46004624718942 66.62192410616156 0 0
67.23851413060362 67.74555877287294 0 0
68.42649319038162 69.46408814103332 0 0
70.80987944716931 71.00661001638565 0 0
72.16560238649028 72.31244926112049 0 0
72.64255572160883 72.90843891682596 0 0
73.9338700087439 75.67440935288917 0 0
76.20269595728989 80.33291155986922 0 0
81.94565832232811 82.32263774360887 0 0
83.44951585779799 83.56727543375277 0 0
85.35744651390573 85.36825746617912 0 0
86.28992589582258 88.07942311488436 0 0
88.14597801131397 88.47081601444224 0 0
89.78845057644475 90.13712744926571 0 0
91.44567179092758 91.62722661192673 0 0
91.92375749229315 92.25023228071711 0 0
92.81371369716994 92.92226224945277 0 0
93.33109046573 93.46851145317503 0 0
96.99304708671517 97.65437664077622 0 0
97.78184396302557 98.8597899846385 0 0
99.6000036162789 99.75328736999974 0 0
