# Status file for ctqmc. Used to save all times t_s, t_e.
2
69
0.3300110101655349 0.7978282735696496 0 0
1.331321537482687 1.594329655559367 0 0
2.227598037319269 2.974698356363205 0 0
3.046949024283731 5.332059687261815 0 0
6.918147011017942 6.922388102116023 0 0
7.864635628170395 7.887675576601367 0 0
8.132853642104372 8.999632036293004 0 0
9.308020120701272 10.1018445441768 0 0
14.70227347192336 14.91552435953794 0 0
18.38952765306885 18.52447556423131 0 0
18.55080551722301 18.67958366252676 0 0
18.78147793223611 19.15283972902532 0 0
19.15930858076375 19.47063250032616 0 0
20.56646341867256 20.64404913956265 0 0
20.65865178526584 21.12998396284613 0 0
21.53405610601857 22.20904792527816 0 0
22.66855676381638 22.71805035668675 0 0
26.36075312555006 27.39202392458874 0 0
28.36231782984548 28.58984526927138 0 0
29.05047943418691 29.18069422546148 0 0
34.39294342145504 35.86373657796969 0 0
36.42503957253225 36.75483086291303 0 0
36.85163723137996 37.20423465026072 0 0
37.49697571463187 38.26451129881402 0 0
38.32524723758178 38.49966495716449 0 0
38.69229429427329 39.3668024199531 0 0
39.82570146260161 40.15784481465698 0 0
41.24614656418733 41.31921077458077 0 0
41.81473250829247 42.02861239977036 0 0
42.15275934452569 42.74975642797532 0 0
42.89461732791541 43.3303815655335 0 0
43.35795470322596 50.21845595118715 0 0
50.59782967149299 50.70080961559689 0 0
50.79506499391409 51.78870390537896 0 0
51.85042544005233 55.74108281770022 0 0
55.87783435809428 56.98596329066843 0 0
57.1295105299903 57.45877933198511 0 0
57.47047237829177 58.84787228900401 0 0
59.36167345662111 59.95599532855029 0 0
60.08156083624485 64.38464280568124 0 0
64.54954386969736 65.11080689645091 0 0
65.34708977771574 65.55096733544693 0 0
65.55502746624491 67.3230328924746 0 0
69.32315717800762 70.0807789832315 0 0
70.75640394711205 71.13970934807695 0 0
72.76342352793702 73.86754427309756 0 0
74.40522794574268 74.46546766843176 0 0
74.62697692796451 77.39654212309773 0 0
77.98002846023189 78.34048162162522 0 0
78.50278900001464 78.54630677827276 0 0
79.71361505573213 80.24488580198738 0 0
82.02516417138459 82.25681398869527 0 0
83.44790752102254 83.71051116610984 0 0
84.89386985373302 85.60723084819851 0 0
87.25017790130941 87.55419507544178 0 0
87.84115386592826 88.00322635876853 0 0
88.02261591476663 88.73193088001635 0 0
88.863841417778 89.40188190184419 0 0
89.8977100604442 90.02027108113384 0 0
90.58505917350728 90.91586317906199 0 0
90.95159434974491 90.98790812844035 0 0
91.13731726554258 92.29044640619493 0 0
92.4105196007406 92.54470343586688 0 0
92.66016682769434 92.88834993164117 0 0
94.6744270313295 94.69603721352817 0 0
95.00693827266177 95.49035350998636 0 0
95.97545603313928 96.41966826069978 0 0
97.14935500559061 97.75256736154385 0 0
98.63180430803618 99.63179010038697 0 0
49
2.728479834812577 1.475309262480713 0 0
3.339064237591638 2.833285061053556 0 0
5.649469521293751 5.643902689380792 0 0
9.016641125711367 8.153139917334478 0 0
10.24966301320126 9.310609905248631 0 0
15.55650820469915 15.54726937970135 0 0
19.03085024797737 18.76082462142546 0 0
21.13303090488811 20.34344849053705 0 0
21.86166544872901 21.52676739852785 0 0
21.92859717505082 21.86764218871009 0 0
31.21842461480725 31.19605075658702 0 0
36.26194168281392 34.1946900179091 0 0
38.6763147785129 36.72272843382005 0 0
39.60701855335485 38.77798659663504 0 0
39.84890117113963 39.64787236278149 0 0
40.12187860706541 39.8554059945652 0 0
40.70029067035561 40.6226740640017 0 0
40.98143271840296 40.75322169229418 0 0
42.17923931137604 41.72027680764005 0 0
43.71763338076548 43.38780173526246 0 0
44.0438208505913 43.97315816679667 0 0
45.80433213048018 44.08114782360185 0 0
48.31078393364817 46.0191049775777 0 0
52.24509474831518 48.56016035107931 0 0
54.09313971010612 53.43605726340181 0 0
57.15309446394055 54.40300252270765 0 0
57.7304961086372 57.1917947387979 0 0
58.78267808884245 57.73131548886895 0 0
58.89470233098356 58.81587294727538 0 0
61.5277286477088 59.05642460814188 0 0
62.19869661176549 61.70674444479987 0 0
65.11690424172971 62.46820909687962 0 0
67.38865191929736 65.33821903486829 0 0
67.874807354008 67.76056681286192 0 0
71.11853267875642 69.38677737109471 0 0
74.44387376412067 74.20269327533944 0 0
77.15336281309136 74.82743036342221 0 0
80.52724510718035 80.01395336261106 0 0
82.35387988537578 81.97912611034241 0 0
86.05733922344558 85.14593927431422 0 0
88.39588101441598 87.75516321807241 0 0
89.30899065916034 88.46584777004597 0 0
89.78924225425475 89.32342099019438 0 0
90.23229663872536 89.97682835043622 0 0
92.30620877026793 90.5241216500926 0 0
92.81608332147573 92.37575048577654 0 0
95.80910971139129 95.78858893100285 0 0
97.55089073979323 96.89858632013372 0 0
98.1816997485523 98.09990712838184 0 0
