# Status file for ctqmc. Used to save all times t_s, t_e.
2
18
7.232319882880562 7.803679410295755 0 0
12.1788623845753 12.90112413034206 0 0
14.17629943400627 14.48042552025472 0 0
16.54598712996334 16.74462582693316 0 0
30.49642196196253 35.59729875575419 0 0
35.62345515235336 36.77324699657729 0 0
43.5964149702273 43.65636566338761 0 0
45.65867985503178 46.87914177455796 0 0
62.74201836696389 62.9841956349859 0 0
64.10857242816451 64.18447164507658 0 0
64.30858055204645 65.75479135323552 0 0
67.28845326383711 67.75872210262477 0 0
70.65804236687926 70.67662477677477 0 0
71.04148915942879 71.20035154722899 0 0
75.88243428865991 76.16212663217817 0 0
79.44968125561977 83.884515573836 0 0
93.61749799404676 94.1241218586339 0 0
98.26368859702367 98.52292239691377 0 0
16
3.120865086909447 2.924416632010217 0 0
13.71623465038287 13.68778654787185 0 0
14.32617201970232 13.92050829386401 0 0
19.17862085187931 19.0467340525756 0 0
20.11513227581775 19.69530290319301 0 0
27.9258753793455 27.15545711983501 0 0
34.00317948762714 28.74744155087891 0 0
34.26861996511615 34.26434002052265 0 0
34.83697428178689 34.3364705280518 0 0
36.21697704185987 36.13821546671878 0 0
46.91149554392869 44.48158642907848 0 0
53.58111976523487 53.39973195072494 0 0
63.64267509691808 63.59242121981106 0 0
83.57324856516469 80.11998596143911 0 0
94.74603112509908 93.59157566631586 0 0
97.36848489420983 97.33174683090506 0 0
