# Status file for ctqmc. Used to save all times t_s, t_e.
2
24
2.559119258631441 1.803012422716549 0 0
6.354171526076713 6.189872420206456 0 0
6.518772533152712 6.44104661704066 0 0
12.05332041002921 10.36602342014198 0 0
25.07590504388885 24.85543325850757 0 0
25.10100842508995 25.09853872630431 0 0
28.40634938115789 27.73468134840484 0 0
28.85899905049139 28.59062775509723 0 0
33.01458841690955 32.46477112316477 0 0
36.49651942610912 36.21035956096677 0 0
37.45724870963594 36.76777537856908 0 0
43.50205954413812 43.3856629855834 0 0
43.98407705001758 43.74014076529148 0 0
45.00605018086599 44.27446486648752 0 0
49.80721356759414 49.64956352290545 0 0
51.61119563601673 51.01281632197184 0 0
70.23404181214913 70.2029447444892 0 0
71.92264939392592 70.71104907295845 0 0
73.9222399820372 72.14643246794797 0 0
79.84129371979391 74.13546785277664 0 0
92.56456901126639 92.48093754639224 0 0
95.14015248747081 95.03028535542425 0 0
99.17406574553551 99.09112990977079 0 0
99.58889775414499 99.2198875222376 0 0
16
5.531464028051873 6.086246102121922 0 0
10.60144213928425 11.04466808141054 0 0
11.12823248378904 11.97075866769505 0 0
12.63247584522846 14.77952509752629 0 0
26.59226309676149 26.76938662003274 0 0
30.13394052438188 30.16492426745456 0 0
43.27713675763878 43.58331945621509 0 0
44.41582705413497 45.44335537229853 0 0
48.25570977273643 48.54854959564674 0 0
50.98154543024968 51.62765490678149 0 0
67.16687100652405 67.19818238335928 0 0
68.88582045722912 68.99005315172167 0 0
69.23531780617381 69.46771951990814 0 0
72.36971097100511 79.54693420404166 0 0
79.62352357404973 80.16454990056246 0 0
99.5748770648503 99.59961638710202 0 0
