# Status file for ctqmc. Used to save all times t_s, t_e.
2
20
2.321667698911079 1.595998984253883 0 0
27.53455868988764 27.18558396418126 0 0
36.45912530450873 27.63722006155493 0 0
39.0033405023701 38.96143891697256 0 0
40.02746417389293 39.66364019095936 0 0
44.26066746986169 43.83932889577242 0 0
45.79634169668189 44.85575231579824 0 0
46.19412697191839 45.99860325515097 0 0
48.86834038238801 46.50293951518839 0 0
49.05594405575269 48.91653871724839 0 0
50.3638590505702 49.4871815594787 0 0
54.8086812379988 50.3999230501018 0 0
56.151379089606 54.87377854542261 0 0
56.89610850179439 56.38763877722732 0 0
62.28406122784308 59.8470515047505 0 0
65.14808325357052 65.04899724162118 0 0
73.21363745626249 71.09492681071507 0 0
80.70370460054313 80.59846103292445 0 0
83.42558462275126 82.27941438600911 0 0
94.6925216432352 94.62604641067163 0 0
18
1.820659600011368 2.083306021679415 0 0
6.758413731340362 6.854747212849043 0 0
25.30516284647129 25.84400589606854 0 0
27.46634906408476 28.51117666040255 0 0
28.6985800267429 29.110921645815 0 0
29.66483632555878 30.35979760290646 0 0
30.87546034406387 35.54495014910447 0 0
35.63758831249677 36.98511514522173 0 0
44.57053790613692 50.79900063663106 0 0
50.98627111009418 56.15484381622553 0 0
58.36826462108279 62.11153852455432 0 0
67.57779312629195 67.5877914944116 0 0
67.90514947033462 72.92237855709394 0 0
75.76882974059848 75.8082470476372 0 0
76.6457985096477 77.50207693932477 0 0
82.15249884107929 83.04067066237013 0 0
83.07814016723805 83.41308718393869 0 0
93.52679056965601 93.75251946714141 0 0
