# Status file for ctqmc. Used to save all times t_s, t_e.
2
22
2.700358282416971 2.851998600729274 0 0
5.230099674995143 7.281858922890386 0 0
17.97556633618044 17.98485284674537 0 0
18.19622268186145 18.41019627350906 0 0
25.89016384540148 25.89171949394972 0 0
29.84735353250498 30.7695687886422 0 0
36.54241898707767 39.46351807723507 0 0
40.17337632014102 40.32461708340738 0 0
40.5772730485993 42.17101334993208 0 0
43.94349598813025 44.31590560262527 0 0
53.52752274112757 53.68627006680263 0 0
70.7005763323716 70.91932960866282 0 0
71.57968420084059 71.79191580435949 0 0
72.86107021134299 73.31170774863236 0 0
73.62933883444674 73.80060731090884 0 0
74.91330783917955 74.99695312376942 0 0
82.81736758667742 83.09567932824648 0 0
84.46452713600578 84.5582758015842 0 0
89.85736151943986 90.71344161758664 0 0
94.1439347949232 94.15752744610627 0 0
94.43707138136122 96.81143014427191 0 0
97.37136177139261 97.89127591819623 0 0
18
0.8055776538469814 5.240825109050803 0 0
7.771718320886443 19.85017808651869 0 0
20.09628033115303 21.81353614576178 0 0
22.00776335616287 29.86693609346315 0 0
30.51085426420788 30.53667136598099 0 0
30.6224657239855 36.75466427936626 0 0
39.63119095880921 41.37660698156124 0 0
42.37892093028018 53.04458975009313 0 0
53.61374990919423 55.67891876494447 0 0
55.82582410204529 56.43678248779676 0 0
56.93301930761556 61.31082538852649 0 0
61.61980606460818 73.87350371598039 0 0
74.07072000542162 77.48973943913292 0 0
78.05839915410012 89.03047964092397 0 0
90.5202414525854 91.25204917540813 0 0
96.59814986098176 97.08861205274401 0 0
97.29043159255737 98.03332684897771 0 0
98.14969253643878 99.27630628670745 0 0
