# Status file for ctqmc. Used to save all times t_s, t_e.
2
21
7.475957379771814 7.574943509810769 0 0
13.89777956030728 13.9383106801599 0 0
33.12586989272947 36.43417111402016 0 0
36.44739534685841 37.00597174252721 0 0
43.48182949127339 44.53606487972546 0 0
44.9635959440381 44.99036804497611 0 0
46.68970589257089 48.53558815491147 0 0
51.54255440048605 52.46084704119182 0 0
52.83386451083417 54.2362982737709 0 0
54.38641115863596 57.11408983827003 0 0
57.52455622776741 57.71613926154217 0 0
72.09230320054326 72.32864091708163 0 0
74.37098944360717 74.90989999669206 0 0
75.30335724709002 75.37034805623223 0 0
75.77245000437625 75.78983870382191 0 0
77.63829817444342 77.6398153919065 0 0
77.67438882138059 78.22918491909819 0 0
79.87230810381162 79.90302931722826 0 0
89.73252619199846 89.98199659935854 0 0
92.65292510133708 92.92866809850496 0 0
96.95579221533247 97.90349707926541 0 0
15
12.89220191436055 12.76442363857882 0 0
30.06105052955483 29.17810231243777 0 0
35.74330815546539 33.37769508394918 0 0
47.61921166838065 46.85096619346687 0 0
52.03015253246976 51.62773582302397 0 0
52.46621996672132 52.27938172571243 0 0
52.71584248082 52.53965653594582 0 0
53.02496844922636 52.82954936384132 0 0
62.2867852919486 62.22074584111685 0 0
63.34466619413814 62.43219531417973 0 0
65.18679712769404 65.1213682876907 0 0
88.47283560352888 87.99364926933696 0 0
90.30764199618567 90.00833706241411 0 0
96.33479844229662 96.14472360012485 0 0
98.63251338209298 98.23326078308146 0 0
