# Status file for ctqmc. Used to save all times t_s, t_e.
2
18
1.974040210880217 0.5718062002126487 0 0
9.630589178753155 9.546785181357874 0 0
12.34514596925465 10.50674113421816 0 0
16.61438462755821 16.30533872392789 0 0
24.52428946762048 24.42773719957761 0 0
35.79353454588436 35.58232671090325 0 0
36.15515999058911 35.87368475524363 0 0
37.13349327566158 36.9235696174352 0 0
37.58227936787899 37.26291438944284 0 0
44.50423356855948 37.78677434859928 0 0
44.96289055825429 44.68756474748475 0 0
55.73507591166954 46.58080691461402 0 0
68.2097977653259 55.82690304412666 0 0
76.76354388877266 76.72429416552843 0 0
89.79550788246611 88.53803216056561 0 0
94.55080037010418 93.78669177537735 0 0
95.15171094828123 94.61927062870592 0 0
98.04057838578645 97.71416836909408 0 0
18
0.01898842110665555 2.491497727672439 0 0
9.449677730981763 12.27442848119314 0 0
14.14912976028827 15.03001177545451 0 0
19.7748045266601 20.67912327184472 0 0
34.9653569540759 45.29014557565579 0 0
46.52671982038072 47.31206520186254 0 0
47.36434800013482 48.70384604016441 0 0
48.83286152769044 50.39742097922809 0 0
50.62568681382849 63.22008675347011 0 0
63.33365123774664 67.97484134188903 0 0
68.10359540467884 68.41133929398491 0 0
68.68707394260556 68.7503948595333 0 0
83.24879232299757 83.60928946826122 0 0
88.61590732715422 89.27782682030882 0 0
92.80724193884569 92.82192135955968 0 0
92.88112909290746 94.11705282809856 0 0
95.06643138126289 95.68305702647112 0 0
96.9102525587646 97.36039504501031 0 0
