# Status file for ctqmc. Used to save all times t_s, t_e.
2
20
4.78724469737556 5.223111358351394 0 0
6.908409162908995 8.124755750378426 0 0
8.652280168968378 12.64782294374981 0 0
13.1067528218622 19.34903283344774 0 0
19.63125639752594 26.40952097966685 0 0
26.50995728045833 26.89769898166705 0 0
30.01681998767254 30.26822658446003 0 0
30.92391303428747 31.49785720909395 0 0
45.50547082299279 48.90850399384597 0 0
48.9376414779887 50.47825730752795 0 0
51.18541540712348 53.57033825370345 0 0
53.67268368853938 53.93424496179784 0 0
55.77500885813443 65.69047595078008 0 0
65.86066538226567 69.98447505813984 0 0
70.25825530114031 74.98454313655189 0 0
80.26175707491093 81.16651789467873 0 0
81.24770497522171 81.24933128089786 0 0
81.27867212688393 81.72861515585711 0 0
81.80771206480661 82.3455753190715 0 0
82.37137667952155 98.22036703594348 0 0
21
1.22936693029505 1.114856420023085 0 0
7.036649050125697 6.725044347502807 0 0
10.50470685599154 7.101493554929411 0 0
13.68025424196844 10.5072541847234 0 0
14.12904703649767 13.69157562594052 0 0
26.15556791304968 14.19653024622566 0 0
26.95714537568571 26.56979274886142 0 0
29.79264944652846 29.7029553397281 0 0
32.10335445046271 30.63749278104689 0 0
44.61158411328719 42.33421258475161 0 0
45.75937337199923 45.25482023984471 0 0
46.47944108560926 46.44784595339483 0 0
52.45599318697077 46.49099326798004 0 0
53.65361281643489 52.62030419071232 0 0
55.1619004458479 54.89940586555235 0 0
66.61578381266504 55.7845351968784 0 0
74.10548511508806 67.04027989460948 0 0
75.48649586811845 75.02847289954899 0 0
79.09391584037078 79.03680683186863 0 0
87.08593897050727 80.15893520811426 0 0
96.30740293267223 87.14600374963007 0 0
