# Status file for ctqmc. Used to save all times t_s, t_e.
2
21
11.32248378587078 10.92573581890768 0 0
15.37708563156867 14.25124405072784 0 0
22.7403547848634 15.59581593353393 0 0
24.40941695784685 22.81824350627414 0 0
25.67991310321036 25.60959759598696 0 0
26.3749670965443 26.32477931173932 0 0
28.68121208920421 28.16550173111331 0 0
38.97871641153289 38.97737667600396 0 0
47.74032179262423 44.05352767805923 0 0
50.71147800632626 50.49515693541695 0 0
56.0312965749541 55.56895311498911 0 0
64.63788527055864 64.48708738820983 0 0
68.69539588486894 68.48722243195341 0 0
69.72368524837957 68.7660312948245 0 0
81.24514353029343 80.90767831588849 0 0
81.75977751085331 81.43730002310534 0 0
82.98415908778132 82.25658660101648 0 0
88.7326995439163 88.17834337804389 0 0
93.96774264545979 93.3601321818776 0 0
94.45579231217853 94.17026710196924 0 0
99.0539868193359 98.0228758041111 0 0
20
3.882376405174 5.311828824410838 0 0
11.28700141565506 11.44874461828554 0 0
14.29993402016296 18.67454856032549 0 0
19.06816236539373 21.80823780726058 0 0
21.95900435853452 23.82146786292974 0 0
24.13721954813482 24.41036678758424 0 0
25.13116941515604 25.2780103599845 0 0
30.09221856826816 30.89082484829643 0 0
31.17777276763738 31.44669540534553 0 0
32.89343289866387 33.03360260655581 0 0
35.21365160234 36.08729952997562 0 0
40.18700212305147 40.29295041086952 0 0
43.41081169116306 43.93785784563138 0 0
44.23281400718246 45.14925012543107 0 0
45.31103997244412 45.7528101242517 0 0
47.41648354731385 47.43821554342149 0 0
68.91671608181694 69.73692603657992 0 0
73.02044551522866 73.05314591759046 0 0
77.49664633909985 77.65308982925404 0 0
87.38544652110323 87.41083881065349 0 0
