# Status file for ctqmc. Used to save all times t_s, t_e.
2
21
0.5744451492374623 2.002487942870061 0 0
10.48665307574418 12.83149946534185 0 0
13.09236155212242 15.93988232966331 0 0
16.21829765906989 18.11974138093364 0 0
18.26153956012388 20.45031790564085 0 0
20.75849914178202 22.84710054829824 0 0
23.55060605427025 28.4761341817119 0 0
29.11991661909263 30.69899320393202 0 0
31.25647705191978 31.5615305086939 0 0
33.56106807208404 34.29700978591323 0 0
34.96536080985638 35.01988162791883 0 0
35.97607776333923 36.15357769410345 0 0
37.73264910966256 38.17663740205157 0 0
38.37691103230669 38.76099063615107 0 0
43.46356998238974 43.5220374049233 0 0
43.60846587769164 44.3372078313466 0 0
48.92029902201566 50.65912011439261 0 0
59.07038916858071 59.17554090519149 0 0
66.97071761698818 66.98798890814798 0 0
84.65588448734485 85.53651065964654 0 0
98.47489666858353 98.48638894565093 0 0
22
7.896022755975062 7.857150242944771 0 0
19.95508288788952 10.60326160621984 0 0
20.18434638976691 20.01545178777429 0 0
21.99218871235993 20.20628226699521 0 0
23.49938897989358 22.43003889893265 0 0
30.9020925285237 24.14078441462762 0 0
32.23854180356361 31.82585050963892 0 0
34.37174832879731 33.70243286748288 0 0
44.43455646556985 43.04304040169745 0 0
52.25568473269689 49.20235275453007 0 0
52.43269684749706 52.31394978781396 0 0
52.62534245289017 52.50131062583113 0 0
53.46528563524392 52.86823557411876 0 0
57.40209453864545 57.07555064111352 0 0
58.74681566931569 58.38545047359675 0 0
70.439876331088 70.08954254659729 0 0
77.30622594062876 77.11561024001479 0 0
78.53945383399783 78.41417273493629 0 0
79.25449385243716 78.84121153895501 0 0
80.11036799844908 79.97593854674321 0 0
85.61617221029229 85.33625999053012 0 0
91.65378566002906 91.28127183298545 0 0
