# Status file for ctqmc. Used to save all times t_s, t_e.
2
20
0.1754229005537411 5.570324717593784 0 0
5.724939890056531 7.423735444663821 0 0
7.513749461980026 10.90385586477027 0 0
11.57425035464702 19.45069378442382 0 0
20.97623289717324 22.52958814580977 0 0
23.03090322627774 28.85712907427201 0 0
28.86735392583617 28.96414010091985 0 0
29.1246065562703 47.53457865719999 0 0
47.54602766845122 48.5845144878755 0 0
48.68253256004981 48.72169079235355 0 0
54.69973430856032 54.75447652834742 0 0
63.22339219279606 63.77120018077041 0 0
64.72496536188511 67.64357414278278 0 0
67.82556445087981 71.47946542948857 0 0
77.01981966705397 77.12976305480375 0 0
80.57227895415591 81.20335103051211 0 0
81.87480147142161 84.07196508499676 0 0
84.18249876528036 92.90169744210961 0 0
93.31209512364434 97.81772596516639 0 0
97.99712208991703 99.34809370887193 0 0
19
17.6116651958957 18.51064986016507 0 0
19.48233154352055 20.99520263972139 0 0
21.11807856755609 22.15315531311016 0 0
22.54937398221922 24.38520229889488 0 0
31.39017187390377 31.42725512512454 0 0
31.86561873867639 32.43781212440885 0 0
42.87114306800797 43.15610061237934 0 0
49.86450771677854 56.13640861550422 0 0
56.19400814044344 56.33195610957068 0 0
56.34124528761538 65.07996743314092 0 0
65.25008038255204 65.93111884528923 0 0
71.76652108838383 72.66267534300198 0 0
72.75241177609725 75.82848828325966 0 0
76.00061272207773 76.42260515520103 0 0
76.82572318296513 79.86632959581905 0 0
79.96758941605445 80.5899358146718 0 0
82.90844211729977 83.95515410818849 0 0
92.32271832446817 92.39746560290723 0 0
92.82972990436676 94.03069233920823 0 0
