0.0314159 12.6559 -1145.88  
0.0942478 6.73973 -381.97  
0.15708 6.26642 -229.183  
0.219911 6.13602 -163.702  
0.282743 6.08236 -127.324  
0.345575 6.05519 -104.174  
0.408407 6.03957 -88.1473  
0.471239 6.02976 -76.3944  
0.534071 6.02321 -67.4068  
0.596903 6.01862 -60.3113  
0.659734 6.01528 -54.5674  
0.722566 6.01276 -49.8224  
0.785398 6.01083 -45.8366  
0.84823 6.00931 -42.4413  
0.911062 6.0081 -39.5143  
0.973894 6.00711 -36.965  
1.03673 6.00629 -34.7247  
1.09956 6.00562 -32.7404  
1.16239 6.00504 -30.9707  
1.22522 6.00456 -29.3825  
1.28805 6.00414 -27.9492  
1.35088 6.00378 -26.6492  
1.41372 6.00347 -25.4648  
1.47655 6.0032 -24.3812  
1.53938 6.00295 -23.386  
1.60221 6.00274 -22.4689  
1.66504 6.00255 -21.621  
1.72788 6.00238 -20.8348  
1.79071 6.00223 -20.1038  
1.85354 6.00209 -19.4223  
1.91637 6.00197 -18.7855  
1.9792 6.00186 -18.1891  
2.04204 6.00176 -17.6295  
2.10487 6.00167 -17.1032  
2.1677 6.00158 -16.6075  
2.23053 6.0015 -16.1397  
2.29336 6.00143 -15.6975  
2.35619 6.00137 -15.2789  
2.41903 6.00131 -14.882  
2.48186 6.00125 -14.5053  
2.54469 6.0012 -14.1471  
2.60752 6.00115 -13.8062  
2.73319 6.00106 -13.1714  
2.79602 6.00102 -12.8755  
2.85885 6.00099 -12.5925  
2.98451 6.00092 -12.0623  
3.04734 6.00089 -11.8136  
3.11018 6.00086 -11.5749  
3.23584 6.00081 -11.1254  
3.29867 6.00079 -10.9135  
3.42434 6.00074 -10.513  
3.48717 6.00072 -10.3236  
3.61283 6.00069 -9.96448  
3.7385 6.00065 -9.62954  
3.80133 6.00064 -9.47038  
3.92699 6.00061 -9.16732  
4.05265 6.00058 -8.88307  
4.17832 6.00056 -8.61591  
4.30398 6.00054 -8.36435  
4.42965 6.00052 -8.12706  
4.55531 6.0005 -7.90287  
4.68097 6.00048 -7.69071  
4.80664 6.00047 -7.48964  
4.99513 6.00045 -7.20702  
5.1208 6.00043 -7.03016  
5.24646 6.00042 -6.86177  
5.43496 6.0004 -6.62379  
5.56062 6.00039 -6.4741  
5.74911 6.00038 -6.26183  
5.93761 6.00037 -6.06305  
6.06327 6.00036 -5.93739  
6.25177 6.00035 -5.75837  
6.44026 6.00034 -5.58983  
6.62876 6.00033 -5.43088  
6.81726 6.00032 -5.28072  
7.00575 6.00032 -5.13863  
7.25708 6.00031 -4.96067  
7.44557 6.0003 -4.83509  
7.6969 6.00029 -4.67721  
7.8854 6.00029 -4.5654  
8.13672 6.00028 -4.42438  
8.38805 6.00028 -4.29182  
8.63938 6.00027 -4.16697  
8.89071 6.00027 -4.04917  
9.14203 6.00026 -3.93785  
9.39336 6.00026 -3.83249  
9.64469 6.00025 -3.73262  
9.95885 6.00025 -3.61488  
10.273 6.00024 -3.50433  
10.5243 6.00024 -3.42064  
10.8385 6.00024 -3.32149  
11.1527 6.00024 -3.22793  
11.5296 6.00023 -3.12239  
11.8438 6.00023 -3.03956  
12.2208 6.00023 -2.9458  
12.535 6.00022 -2.87197  
12.9119 6.00022 -2.78812  
13.2889 6.00022 -2.70902  
13.7288 6.00022 -2.62223  
14.1058 6.00022 -2.55215  
14.5456 6.00021 -2.47498  
14.9226 6.00021 -2.41245  
15.3624 6.00021 -2.34339  
15.865 6.00021 -2.26914  
16.3049 6.00021 -2.20793  
16.8075 6.00021 -2.1419  
17.3102 6.0002 -2.0797  
17.8128 6.0002 -2.02102  
18.3155 6.0002 -1.96555  
18.881 6.0002 -1.90668  
19.3836 6.0002 -1.85724  
20.0119 6.0002 -1.79893  
20.5774 6.0002 -1.74949  
21.2058 6.0002 -1.69765  
21.8341 6.0002 -1.6488  
22.4624 6.0002 -1.60268  
23.0907 6.00019 -1.55907  
23.7819 6.00019 -1.51376  
24.473 6.00019 -1.47101  
25.227 6.00019 -1.42704  
25.981 6.00019 -1.38563  
26.735 6.00019 -1.34655  
27.4889 6.00019 -1.30962  
28.3057 6.00019 -1.27183  
29.1854 6.00019 -1.23349  
30.0022 6.00019 -1.19991  
30.8819 6.00019 -1.16573  
31.8243 6.00019 -1.13121  
32.7668 6.00019 -1.09867  
33.7093 6.00019 -1.06795  
34.7146 6.00019 -1.03703  
35.7199 6.00019 -1.00784  
36.788 6.00019 -0.978579  
37.8562 6.00019 -0.950967  
38.9872 6.00019 -0.923381  
40.1181 6.00019 -0.89735  
41.3119 6.00019 -0.871419  
42.5686 6.00019 -0.845694  
43.8252 6.00019 -0.821445  
45.0819 6.00019 -0.798547  
46.4013 6.00019 -0.77584  
47.7836 6.00019 -0.753396  
49.2288 6.00019 -0.73128  
50.6739 6.00019 -0.710425  
52.1819 6.00018 -0.689895  
53.6898 6.00018 -0.670518  
55.2606 6.00018 -0.651459  
56.8942 6.00018 -0.632753  
58.5907 6.00018 -0.614432  
60.2872 6.00018 -0.597142  
62.1093 6.00018 -0.579623  
63.9314 6.00018 -0.563103  
65.8164 6.00018 -0.546976  
67.7642 6.00018 -0.531254  
69.7748 6.00018 -0.515946  
71.7854 6.00018 -0.501495  
73.9217 6.00018 -0.487002  
76.1208 6.00018 -0.472933  
78.3827 6.00018 -0.459285  
80.6447 6.00018 -0.446403  
83.0323 6.00018 -0.433566  
85.4827 6.00018 -0.421138  
88.0588 6.00018 -0.408818  
90.6349 6.00018 -0.397198  
93.2739 6.00018 -0.38596  
96.0385 6.00018 -0.37485  
98.8659 6.00018 -0.36413  
101.819 6.00018 -0.353569  
104.835 6.00018 -0.343397  
107.914 6.00018 -0.3336  
111.118 6.00018 -0.32398  
114.385 6.00018 -0.314726  
117.715 6.00018 -0.305822  
121.234 6.00018 -0.296946  
124.815 6.00018 -0.288426  
128.46 6.00018 -0.280243  
132.292 6.00018 -0.272124  
136.188 6.00018 -0.26434  
140.209 6.00018 -0.256759  
144.356 6.00018 -0.249383  
148.566 6.00018 -0.242317  
152.964 6.00018 -0.235349  
157.488 6.00018 -0.228589  
162.138 6.00018 -0.222034  
166.913 6.00018 -0.215681  
171.877 6.00018 -0.209453  
176.903 6.00018 -0.203501  
182.181 6.00018 -0.197606  
187.522 6.00018 -0.191978  
193.051 6.00018 -0.186479  
198.769 6.00018 -0.181115  
204.612 6.00018 -0.175943  
210.644 6.00018 -0.170905  
216.864 6.00018 -0.166003  
223.273 6.00018 -0.161238  
229.87 6.00018 -0.15661  
236.656 6.00018 -0.152119  
243.631 6.00018 -0.147765  
250.856 6.00018 -0.143509  
258.27 6.00018 -0.139389  
265.873 6.00018 -0.135403  
273.727 6.00018 -0.131518  
281.832 6.00018 -0.127736  
290.126 6.00018 -0.124084  
298.671 6.00018 -0.120534  
307.531 6.00018 -0.117062  
316.578 6.00018 -0.113716  
325.94 6.00018 -0.11045  
335.554 6.00018 -0.107285  
345.481 6.00018 -0.104203  
355.66 6.00018 -0.10122  
366.153 6.00018 -0.0983197  
376.96 6.00018 -0.0955009  
