# Status file for ctqmc. Used to save all times t_s, t_e.
2
35
2.315114365102596 2.281938980303627 0 0
3.242599663247787 3.22628076842007 0 0
3.767689479302623 3.49211995125417 0 0
4.809468976121233 4.609555179099263 0 0
6.219169412587983 6.211027401766997 0 0
12.44484059808507 12.4330267824454 0 0
14.29611999408753 14.15003211357744 0 0
15.3526459638093 15.3256617803871 0 0
16.70217656672666 16.63246242751279 0 0
22.51931634852304 19.54395747369574 0 0
24.10340036586361 22.5841025055946 0 0
24.67857762568548 24.11520253190255 0 0
24.81452053547402 24.75101517890048 0 0
29.24319389523862 25.15870946552283 0 0
30.98469767956377 29.32780895166639 0 0
32.13825851586666 31.22557187618197 0 0
32.56441106428819 32.17712835471767 0 0
34.01938155816839 32.66631314861322 0 0
34.4381472715873 34.05844332250165 0 0
37.46177890243579 36.85811486783051 0 0
38.0693082818422 37.92804007117477 0 0
48.39770281929381 48.21922041120634 0 0
54.22732865721993 54.15066988958533 0 0
59.09249630834574 59.05442799993353 0 0
59.32864927474544 59.23494783048958 0 0
60.21635546712066 60.16529587227362 0 0
76.92110132505763 76.90530182896765 0 0
80.66012181079502 80.55175445009048 0 0
88.81195023030082 88.79497565100174 0 0
89.17131206478309 89.00250143678561 0 0
89.51453295156662 89.22774725780918 0 0
89.54199868798597 89.54189877863831 0 0
90.11715355232413 89.98340028196188 0 0
92.62058130696627 92.60792368737992 0 0
99.32931136280935 99.28702187379756 0 0
25
3.504751970877075 3.827039034084933 0 0
4.210661536644682 4.295586266293821 0 0
13.30200437730615 13.3453252539605 0 0
19.00803783082904 19.28973510484702 0 0
19.44451200658087 21.39757384393978 0 0
21.50886077268519 24.17827275025004 0 0
24.20817669246548 24.85783412654183 0 0
25.09423661343648 26.96318274304714 0 0
27.0820528287006 30.99019552063297 0 0
31.19971608862895 34.42066740317545 0 0
35.84266395805074 35.89808679637515 0 0
36.89584745238757 36.92424242829768 0 0
42.98325542060516 43.03421820206778 0 0
43.44185702091065 43.4476256144558 0 0
44.14903500943945 44.29386211360833 0 0
57.95882216039723 58.09249777889814 0 0
62.28602190248237 62.36723682786489 0 0
62.84683584689063 62.90850723821185 0 0
72.62778833437116 73.00907533700159 0 0
78.51227052575227 78.66078706568462 0 0
81.99815940726307 82.0335121683528 0 0
86.49586387877559 86.54491628675051 0 0
91.11192564861602 91.26600406265192 0 0
97.00139990325158 97.05255161630836 0 0
97.91317462585475 97.92020269108411 0 0
