# Status file for ctqmc. Used to save all times t_s, t_e.
2
25
4.829121550594947 4.950376560288468 0 0
6.446153858604968 6.577942515778672 0 0
7.434109931088385 7.581152208558928 0 0
7.676456929637569 7.735069889377272 0 0
8.94351667051785 8.980347179132147 0 0
9.604159044757013 9.819026331100277 0 0
17.680191286276 17.74185567521058 0 0
23.5389220747491 23.57740673287557 0 0
27.0600208522477 27.0790358206159 0 0
28.53929050417722 28.59557266084933 0 0
29.23694809491312 29.40874530564278 0 0
33.28171737523499 33.37689057600164 0 0
40.73709413757886 40.79148971504073 0 0
43.64795370740701 43.65283773713463 0 0
45.96874514505108 46.02535704946745 0 0
46.88639504185727 46.94366346594598 0 0
48.02722956805981 48.06163197160529 0 0
53.59597779740112 53.72051024576204 0 0
55.04649377001855 55.29430258147082 0 0
57.96914931928511 58.16452524137753 0 0
65.06403334525514 65.12965781579756 0 0
69.32547360581714 69.60371092156237 0 0
86.32198967680328 86.42787796680227 0 0
96.25416784333059 96.4972453741869 0 0
96.75752958862104 96.79952542494951 0 0
23
4.879087967817838 4.805855696090603 0 0
7.559568998488036 7.52795760322991 0 0
9.779351449399085 9.723123828697176 0 0
14.66306048911987 14.59239456005426 0 0
23.71589427945702 23.68304355906855 0 0
25.82647402026788 25.78027266787322 0 0
32.55665670031603 32.50566714171657 0 0
37.6251596655552 37.61793833657659 0 0
40.09261293024991 39.78395379295188 0 0
40.98793497983985 40.9682249481187 0 0
45.54658444985242 45.40578659691111 0 0
47.52225756904094 47.48017767907983 0 0
54.82156396263446 54.44746614640334 0 0
55.22191105590844 54.92745760728221 0 0
61.29445056675701 60.86376794910171 0 0
69.59156780789363 69.35151875550081 0 0
74.22708769277048 74.20310129202019 0 0
80.8293053105586 80.7923348944784 0 0
87.19735005495284 87.19026363666396 0 0
91.62607062599986 91.42900103290904 0 0
94.67849499665577 94.63364564248334 0 0
94.77929818591191 94.74873645300676 0 0
95.65743916404142 95.5414505033276 0 0
