# Status file for ctqmc. Used to save all times t_s, t_e.
2
21
9.29115117965952 4.92863182180223 0 0
11.12444952387369 9.406620072685714 0 0
14.43257399901185 14.4230037928593 0 0
21.58527943792122 21.25499255673142 0 0
25.97897942785493 21.80180791246131 0 0
27.78958507644551 26.05614788472426 0 0
31.67551220524454 28.03820650827435 0 0
32.83770410852066 31.78112149226077 0 0
34.30307232652837 33.11997378493043 0 0
42.71595384724836 34.39015531136283 0 0
44.3670367423439 42.79792168696653 0 0
48.47486786442781 44.37379602648321 0 0
59.40170714706964 48.48558242227337 0 0
61.56299793375172 59.45668029302133 0 0
65.98371638325118 61.9480708019949 0 0
73.97966156348114 66.07619165811914 0 0
84.13627975102956 74.10573865299521 0 0
92.16676476191573 84.33062552368091 0 0
94.06362281467707 92.19043876369484 0 0
97.28942030377623 94.10833878747366 0 0
97.6529125524262 97.35882061589086 0 0
27
4.688817657767956 7.047102610428564 0 0
7.179086957021209 11.42823285627331 0 0
21.33125959398963 21.39093239225567 0 0
21.8771439705446 22.57381392190002 0 0
22.58387989821987 22.92037362052895 0 0
22.95246213704874 25.73019525734306 0 0
25.81317196085193 32.43883312114305 0 0
32.47164034395637 32.655692465096 0 0
32.96373351010175 37.57739445532685 0 0
37.6340048343608 43.76429979373486 0 0
43.78836858879138 49.96979801940975 0 0
50.05282422763993 51.66701163956679 0 0
51.78293082648489 56.77215945417896 0 0
56.86416473250102 61.39161805985929 0 0
61.51977538834431 62.18138145331996 0 0
62.20349632209233 62.80727991391462 0 0
62.82084382075936 64.96207871659354 0 0
64.9921978097415 66.72738512177951 0 0
66.81303433836869 74.19343114307628 0 0
74.20602229404186 74.98211639759154 0 0
75.10452244643547 80.24795978841495 0 0
80.5067227153167 82.43562911436932 0 0
82.44542236534365 88.74507505195314 0 0
88.87788731293804 97.21717287920099 0 0
97.31453230850244 97.33602346327289 0 0
97.36593145856642 97.68536197154873 0 0
99.31615318242376 99.38227436335526 0 0
