# Status file for ctqmc. Used to save all times t_s, t_e.
2
25
1.885916280552863 1.868736267970917 0 0
5.546863347654327 5.371628513582801 0 0
7.797111212680725 7.747538588413015 0 0
15.51610587689263 15.46422284126922 0 0
17.10818517353682 16.97767427349584 0 0
23.84372545558268 23.72321826637225 0 0
24.16964022606588 24.06735641569077 0 0
30.70207761284045 30.6150745934997 0 0
30.76225666006207 30.73950958095229 0 0
31.52036406723177 31.42260553863746 0 0
44.10136961283489 44.00623061289001 0 0
47.86612406387921 47.81929508404861 0 0
47.88375235303739 47.87196486052235 0 0
48.01218130450779 47.97151582062242 0 0
58.42382847566036 58.35342988383907 0 0
59.47757449862234 59.46079592160513 0 0
64.60745202760917 64.37639125541709 0 0
71.93808489067848 71.93783637624573 0 0
72.76257995957116 72.63915528666907 0 0
79.93803046432735 79.60552056756612 0 0
81.63129942105064 81.60372874495286 0 0
88.83329745735493 88.67580538865163 0 0
90.60601381839192 90.56173572043548 0 0
92.97973257097581 92.9562450523453 0 0
96.09291177951923 95.77017814298806 0 0
21
6.155657565439291 6.232687256155626 0 0
8.223896904662373 8.388464496653885 0 0
10.17102937602009 10.18174013389826 0 0
19.78958971551383 19.79080693787781 0 0
22.29157512307617 22.44851518785914 0 0
31.41642890639552 31.53744579094658 0 0
44.6195641053374 44.76776719392267 0 0
47.77898671880823 47.90966396828225 0 0
50.3069848555681 50.34133552878734 0 0
54.19395879087109 54.20507959746107 0 0
55.47981743248618 55.59944392448477 0 0
57.69033880822761 57.7210063302925 0 0
60.98993718125476 61.09685760441443 0 0
65.53592538163264 65.72762686979308 0 0
69.00125971884945 69.09878949294669 0 0
72.64709950931909 72.80763330000417 0 0
76.38735419623038 76.42720785112323 0 0
76.43803051822769 76.70171672310072 0 0
82.64715747216256 82.85531347604898 0 0
89.87776758694919 89.89602013060431 0 0
95.86185866761495 96.04517016432298 0 0
