# Status file for ctqmc. Used to save all times t_s, t_e.
2
24
0.16691790848854 0.1072329488060433 0 0
0.2542471180574913 0.171897935702832 0 0
0.4050325935036199 0.2795503584246659 0 0
4.717897421981864 4.469318318181847 0 0
8.937726737528834 8.914111495274708 0 0
12.46888303507501 12.42303200365782 0 0
22.08733808575885 22.04464138105656 0 0
28.61739416250982 28.5728763819371 0 0
29.28214706193478 29.02619467181854 0 0
33.1816451108094 33.06983761432484 0 0
36.30432176506439 36.19042921351246 0 0
42.11030031427843 41.85068027206201 0 0
52.96114228301075 52.899713864835 0 0
54.31980260808028 54.27116011140151 0 0
59.00095965731676 58.95868526499901 0 0
60.40914982861264 60.35814628554778 0 0
78.49409611523386 78.46654149617592 0 0
78.767043836761 78.68784813352318 0 0
88.59750512253322 88.46237526272938 0 0
89.70998673944665 89.6246576808268 0 0
90.862068983082 90.46759989733452 0 0
95.56563157624261 95.39647311040756 0 0
97.32388754290783 97.18792440558154 0 0
97.94304023445144 97.83345165973778 0 0
35
3.636479434719619 0.01590751875495755 0 0
4.447849296630999 3.725812718197521 0 0
6.493773952080735 4.720584493967905 0 0
11.10854622374141 6.754808520697893 0 0
14.30612689523863 11.16042854377208 0 0
17.49324293231844 14.37118074335247 0 0
18.12753937088472 17.49466838353362 0 0
21.39516980259164 18.2326238722757 0 0
24.89811970679437 21.98389552211468 0 0
25.17134808118352 24.93137416815276 0 0
26.26188361262144 25.63516638905699 0 0
26.54074837226536 26.30173156766152 0 0
28.41087542028227 26.65836600424449 0 0
33.63144739596731 28.61707794942383 0 0
34.01221422038903 33.84818129474007 0 0
36.18648618767799 34.02420329269143 0 0
37.26320644960978 36.39709089559042 0 0
43.3563597794822 37.29991281170621 0 0
44.2509561704447 43.51878298324377 0 0
45.63265010667291 44.25537309670224 0 0
46.7119664464546 45.63807903898299 0 0
48.41421474704237 46.90078507919456 0 0
48.83938798561559 48.4882645443577 0 0
62.46837440486729 48.84170080357826 0 0
64.63415822631855 62.67050716214877 0 0
66.34416081675712 64.63984122620211 0 0
69.98674043658352 66.38128403082223 0 0
76.21069057616063 70.08616292733453 0 0
76.775243260395 76.23739808999274 0 0
76.97782497579762 76.88947657487701 0 0
85.58990170224142 77.06676797382951 0 0
89.72772073040264 85.63477551416091 0 0
92.68832737921252 89.8122779750296 0 0
97.52234942720476 92.78722016904945 0 0
99.83818756523982 97.55440309166174 0 0
