# Status file for ctqmc. Used to save all times t_s, t_e.
2
16
1.18551360564669 1.171820960999327 0 0
9.204879347706184 9.188641499634016 0 0
17.32903027157483 17.12587665121098 0 0
21.37795333472764 21.33164623288982 0 0
32.78361662797489 32.69562408199277 0 0
47.23786104210372 47.20595445779423 0 0
48.53652055230106 48.47112289889391 0 0
52.33651866708123 52.22778789805843 0 0
61.72108396358799 61.59024674993908 0 0
62.52941212463884 62.52634500143026 0 0
63.31422078313597 63.20344160076951 0 0
74.03951893706707 74.01762847596886 0 0
84.1793897745584 84.16495829378749 0 0
91.36811538350165 91.33219154537235 0 0
95.21413533402351 95.11518678539319 0 0
99.27922066962404 99.18459173812776 0 0
17
1.7186337440056 1.803771141603981 0 0
16.43366023287889 16.5874982518105 0 0
25.26143281111042 25.29790634936223 0 0
31.25338826836543 31.25612203235216 0 0
36.52903428392307 36.63693113612507 0 0
39.78191901995623 39.80742059365966 0 0
39.8361939118912 39.88020185112995 0 0
45.79497538981613 45.79847486195166 0 0
45.91602316548125 45.96179567913415 0 0
50.10171924056185 50.22477275827416 0 0
50.46430588271447 50.66360417200843 0 0
62.07746777760638 62.40823643066339 0 0
64.79079460205263 64.88214936919898 0 0
65.25572425771455 65.42216682672931 0 0
73.23248786648234 73.3179118171652 0 0
87.26113422327821 87.32682708591787 0 0
93.10285156948927 93.14036177682864 0 0
