# Status file for ctqmc. Used to save all times t_s, t_e.
2
33
7.373272358245584 7.18071000507504 0 0
8.17276707435972 8.026533941855151 0 0
9.101455617904227 9.090293117557149 0 0
14.01141804000546 13.72899704376002 0 0
17.58894197373402 17.4059821064443 0 0
18.34874813966696 18.2934752408933 0 0
26.39402548489665 26.32168032641444 0 0
32.49563189373266 32.38714887415422 0 0
33.50020034160301 33.43274157532942 0 0
35.47642970862645 35.35800701022633 0 0
39.33498565038617 39.25319137797601 0 0
42.42047257818214 42.18667757756225 0 0
45.86563240594881 45.71836528591663 0 0
46.68695238190113 46.63763071711962 0 0
54.32097658510226 54.29799358642167 0 0
54.9776134966738 54.61911622656567 0 0
62.42727340799252 62.36802307846013 0 0
69.09408477009784 69.051575308453 0 0
70.42270325629016 70.35164011222177 0 0
70.90698147061475 70.88535637169052 0 0
77.0674790623442 76.95617653370485 0 0
82.35479762511626 82.30635506245758 0 0
82.60106436501235 82.45739807341077 0 0
83.06838913980221 82.97781695377475 0 0
84.10958670670082 84.09410896583336 0 0
86.23342156505636 86.20074346198807 0 0
86.59023793153276 86.58575340518426 0 0
87.3923360416124 87.38753589381695 0 0
89.18453598076691 88.9455542303477 0 0
94.43651012716717 94.20292541162468 0 0
95.1835440656013 95.17152323710955 0 0
95.63127649994675 95.61048538812744 0 0
99.66016301818078 99.61105865372463 0 0
28
4.388089426746095 4.390683471776573 0 0
5.384672801754275 5.483206450396006 0 0
8.268092277720543 8.37019540601041 0 0
8.82458849464251 8.920002168355492 0 0
9.035638746687006 9.291848685134903 0 0
10.42668589512056 10.50325868931559 0 0
11.49958285882087 11.60429151743841 0 0
13.65873555542431 14.03682526328468 0 0
14.45808699929148 14.74550357633181 0 0
17.01762028721758 17.01933357098979 0 0
17.12782281801946 17.14008269706995 0 0
19.32423926042081 19.33234295399387 0 0
25.57907087551585 25.77531976941358 0 0
29.71766344757772 29.7459846398057 0 0
44.76431841262734 44.88964385003419 0 0
59.77340562961553 59.90981530237325 0 0
59.99471851636525 60.12531086791158 0 0
63.19006445795495 63.23154829197817 0 0
64.21590576713746 64.37239664497542 0 0
66.43336643058828 66.51335719645006 0 0
66.80545243687233 66.80660359072594 0 0
74.04293371967853 74.38401239254407 0 0
75.72990633706341 75.91215980789306 0 0
81.6403991311482 81.65474345785294 0 0
86.73901941600035 86.78092370197942 0 0
91.26603985667772 91.30552034541269 0 0
98.13121489413822 98.1616927192446 0 0
99.54958792506169 99.6000063555272 0 0
