# Status file for ctqmc. Used to save all times t_s, t_e.
2
22
7.151809401261462 7.050433837774661 0 0
8.223156570265253 8.038464563600776 0 0
10.58367160625334 10.46971936508414 0 0
12.08610551736226 11.79078984393875 0 0
14.08526154738141 14.07849159256325 0 0
31.5641251254509 31.470106375758 0 0
32.56651849072199 32.55416829993122 0 0
33.6899845794278 33.3358491504286 0 0
40.23044399392968 40.14602904144922 0 0
40.71213834200741 40.52416109617283 0 0
46.02716408953746 45.97934999934689 0 0
52.2865357121344 52.21000400906983 0 0
62.21969854437516 61.99181418418373 0 0
70.75681195345557 70.65843816511875 0 0
75.09619790375243 74.92806486591863 0 0
75.86368396935113 75.73554240819752 0 0
79.77773453237889 79.50339478685891 0 0
80.32243094078427 80.32219739817091 0 0
84.60160734460435 84.40274793168751 0 0
85.73660370583414 85.69693167719548 0 0
92.79548188865537 92.48934225763227 0 0
98.08532076424318 97.97435159913533 0 0
24
2.668233570604812 2.803641690555779 0 0
15.31373089164983 15.35625251118237 0 0
16.67389447386361 16.70858293770377 0 0
17.42523297087777 17.45592688793325 0 0
17.53610995313688 17.85915511925431 0 0
18.62638491683148 18.67482450645343 0 0
20.62413505003663 20.67240066551147 0 0
21.75845990704102 21.81288365222472 0 0
32.93828294653634 33.16335026422003 0 0
52.15468261211278 52.24992105005182 0 0
55.71281257704926 55.80839689186548 0 0
56.26093847248735 56.4646080809646 0 0
56.53633025002323 56.65139586681425 0 0
58.32589541369801 58.40611188324851 0 0
60.01406138001428 60.04868960841119 0 0
60.35148889929817 60.45305169835657 0 0
72.7795912738021 72.88932584750688 0 0
75.88455823913387 75.92271879141035 0 0
78.50893236000839 78.60907614593629 0 0
86.41326199320535 86.45633977684257 0 0
92.41942191465985 92.7156669975202 0 0
95.22570991030288 95.25542816934848 0 0
97.21997193925439 97.47804687328505 0 0
98.31696038599974 98.36574945234715 0 0
