# Status file for ctqmc. Used to save all times t_s, t_e.
2
21
2.075534728614485 2.063239877843739 0 0
2.745299302659926 2.643510700719059 0 0
3.019944950973755 2.942697809519915 0 0
8.828198360603251 8.722365340153953 0 0
9.152254789628749 8.92230526560842 0 0
9.625306670672019 9.617089565059961 0 0
22.04038496235888 21.79765524351757 0 0
25.56341910213306 25.33454527082844 0 0
30.44910171572708 30.34228396611569 0 0
33.45491923241367 33.40535615029285 0 0
36.67527204258485 36.57691056340335 0 0
39.6600787745808 39.49472677008666 0 0
47.83747328402514 47.71182737326476 0 0
51.98641055717556 51.93612451307877 0 0
54.87528673238878 54.79340983935104 0 0
69.1696102210396 69.14917717397314 0 0
69.57902159177378 69.4115513502031 0 0
72.79228423402573 72.58846643822046 0 0
80.11374995097371 80.01258149257445 0 0
88.3792513592109 88.36971747358676 0 0
94.37299715062196 94.32433428681166 0 0
24
2.721928784349941 2.886476585920074 0 0
9.362243401039368 9.5902398224084 0 0
19.23848427033854 19.34142348890324 0 0
20.359274672256 20.46757048716226 0 0
24.42299441772461 24.54549387773431 0 0
37.08505518595272 37.10338836767559 0 0
38.12710422004485 38.24084351382571 0 0
38.51377050693407 38.69149244785238 0 0
40.26251595498032 40.32875114676862 0 0
40.77385832141294 40.9988988977338 0 0
52.58147315333777 53.04967130791714 0 0
53.38534551251664 53.4049137127122 0 0
56.35368706526617 56.39442832038694 0 0
63.5152506363126 63.70290280574092 0 0
64.25732674380788 64.46987211990191 0 0
66.44454501762608 66.5557739413988 0 0
68.32395984760875 68.51732463976762 0 0
73.1170997580335 73.35864701116195 0 0
76.37545629411902 76.47249210654381 0 0
80.03695460639392 80.29175246087966 0 0
83.46505533463304 83.47000306542444 0 0
88.14366154080658 88.31935035186319 0 0
89.72871712616318 89.75743757177493 0 0
93.6865782405455 93.71241690220526 0 0
