# Status file for ctqmc. Used to save all times t_s, t_e.
2
24
14.83300342778678 14.94144048527927 0 0
18.34119156003598 18.41902844879149 0 0
19.15999847812194 19.1652857274384 0 0
20.49504080491602 20.59972310778261 0 0
21.13957160377687 21.28122699168587 0 0
24.07245734734116 24.29907993936198 0 0
26.89531240588581 26.92815016124124 0 0
28.14834398783574 28.162086507009 0 0
28.34239738653626 28.36666771863111 0 0
29.7600111659034 29.78179359591472 0 0
32.90201378501276 32.96097037000105 0 0
40.16901174985065 40.179750216405 0 0
40.21307731958161 40.30777487172504 0 0
43.80272936521549 43.90700004953972 0 0
45.84206394793438 45.96750717687924 0 0
46.02526687844361 46.2497831365414 0 0
52.82062094088278 52.85190010935681 0 0
81.77871293676314 81.78729631500454 0 0
82.91723573579689 82.97908125250183 0 0
87.90379175556376 88.20656590908067 0 0
89.45637482822505 89.55015436288517 0 0
92.5321167141373 92.58666522362977 0 0
93.98225981611972 94.02918489002057 0 0
98.65372419667992 98.7214269027961 0 0
23
7.063240969562316 7.059792076877171 0 0
8.008625983730303 7.904662547501238 0 0
21.53367543322864 21.40446253903393 0 0
23.83415965733635 23.77281086702273 0 0
28.18446885377969 28.11416645512728 0 0
28.78539699356679 28.62667474930984 0 0
30.94495092946036 30.92388440906464 0 0
37.82587912305447 37.569285706941 0 0
40.88769130744941 40.7460637144229 0 0
44.36096602548592 44.31778889919451 0 0
46.38840241589535 46.36066418324135 0 0
52.58856471649753 52.53166135616789 0 0
53.77446847474064 53.64241942716708 0 0
63.05550907677328 62.95502110008268 0 0
67.00193178088233 66.89634495146599 0 0
69.25820632131388 69.20250314258239 0 0
75.44035910098532 75.27460105988581 0 0
81.04152408822588 81.0205887759257 0 0
83.03108959596244 82.854746738092 0 0
90.32547928652311 90.21680701783572 0 0
92.28242315583745 92.27030768611316 0 0
94.83940759285557 94.71875856777848 0 0
98.46043790801058 98.41331845662917 0 0
