# Status file for ctqmc. Used to save all times t_s, t_e.
2
30
5.375816539675538 0.0125145464784282 0 0
9.103463836498484 5.42841644147556 0 0
10.36730887186894 9.278316688073852 0 0
12.40487249687547 10.57170896925421 0 0
12.44911913663266 12.42988973576231 0 0
15.80281992002961 12.72703020057338 0 0
25.53876448538987 15.84750330430821 0 0
27.02367920617419 25.66674300354194 0 0
30.68236526720413 27.02466167068579 0 0
33.33586232486994 30.72579972470924 0 0
37.33466541079005 33.56334193404147 0 0
48.73518198252798 37.33991244265716 0 0
49.77296337763871 48.92591012527902 0 0
56.74687247349 49.81415853264073 0 0
58.92140077721456 56.7704907629101 0 0
61.13826345932774 59.01215343691611 0 0
62.88201916788908 61.28929507474601 0 0
63.19305589241014 62.95765174989232 0 0
66.22773764298313 63.28929579344034 0 0
66.87019633083604 66.46535210424217 0 0
68.22137910508019 67.01207465539055 0 0
70.54082312317439 68.68295394436272 0 0
73.91174062520622 70.86297461841832 0 0
82.82944463366067 73.94767597778178 0 0
83.12931305080662 82.90674053204835 0 0
91.18684909712741 83.23146014659204 0 0
91.24236013086718 91.20296141344996 0 0
91.39007662950685 91.29109502602077 0 0
95.68334992369532 91.51495888532655 0 0
99.90512118007184 95.78604584579638 0 0
23
0.2755869240481843 0.2727490878682352 0 0
9.527068633499944 9.402388737662152 0 0
10.30530744654913 10.04198449432031 0 0
13.63754580646126 13.53920445432004 0 0
14.12274466066766 14.12134919623433 0 0
15.541672621433 15.5355602546407 0 0
25.96545324240137 25.74141223262242 0 0
28.90923091923886 28.62406689216182 0 0
35.03630871404482 34.890602422799 0 0
39.69244724604651 39.65035627330201 0 0
40.53773005335243 40.46095298100681 0 0
42.58243337574078 42.45106556161048 0 0
53.45385942716852 53.41923114987605 0 0
54.41855237116525 54.10716417172215 0 0
60.01119880609347 59.9296173974438 0 0
60.63668029273059 60.52565756192347 0 0
63.08375943484559 63.06623629238442 0 0
67.00980722539302 66.87942435384035 0 0
68.1508252563886 68.04821184412798 0 0
70.85584656197497 70.66718922088016 0 0
73.5109081870318 73.48140112008458 0 0
93.25581802527029 92.96330788960196 0 0
97.67183477226847 97.54883834950037 0 0
