# Status file for ctqmc. Used to save all times t_s, t_e.
2
21
6.133799494685275 6.07322355204462 0 0
14.36654569257121 14.30480555237806 0 0
18.69744716098588 18.42171989973002 0 0
22.38159128868759 22.33314742665938 0 0
33.65750740164655 33.4607552889506 0 0
36.80356126781135 36.6246006358701 0 0
40.26121066908531 40.2434552476678 0 0
45.6557426016463 45.55551909462468 0 0
46.87182807470842 46.73952024028179 0 0
50.19530572726432 50.09678455341329 0 0
53.44420017061235 53.38076375708702 0 0
65.59508564727336 65.40327375397982 0 0
69.11701019568835 68.97499853648077 0 0
81.42914231178065 81.33052957991239 0 0
83.94323611696271 83.89332802104738 0 0
87.5086489188384 87.05021927409697 0 0
93.53388952109788 93.23916519384593 0 0
96.91020614536667 96.85104726209126 0 0
97.07100040871681 97.00442091668354 0 0
97.69340811924221 97.65003925119845 0 0
98.46124456744421 98.45208355710719 0 0
25
1.317250194043323 1.377086342083516 0 0
4.313295797237289 4.315991131956465 0 0
4.397776265660307 4.411804692352407 0 0
14.61583684580926 14.61651408569771 0 0
16.24388041972603 16.27734436656022 0 0
16.94092933383369 17.04816746361148 0 0
18.5537693208711 18.71567740804092 0 0
27.3695377157661 27.43878467776695 0 0
32.47941560083576 32.6613888789738 0 0
40.76374470754877 40.94089135318181 0 0
42.0368821024453 42.05164796827884 0 0
43.54632567576554 43.57040235210225 0 0
43.72867782466175 43.75057366569659 0 0
58.91679525384012 59.12169562669794 0 0
61.62339606772198 61.71842516128901 0 0
67.26453849176748 67.36197523139532 0 0
70.6340430831805 70.84063532996547 0 0
74.70862491899381 74.74651010406754 0 0
85.0545445516762 85.07715105765672 0 0
86.89129706823049 86.99721149452546 0 0
87.2553433822324 87.587302051173 0 0
89.76094042532763 89.80655554509902 0 0
93.64576153747733 93.66365499873747 0 0
95.78781290242569 95.93394485813511 0 0
97.81499192182027 97.92312321996182 0 0
