# Status file for ctqmc. Used to save all times t_s, t_e.
2
28
0.1459801945889618 0.1392055444201787 0 0
0.2251809039547257 0.1800865244656383 0 0
4.086334881826758 4.049352396953561 0 0
11.38820771623627 11.33226480089285 0 0
12.20001509096754 12.12759802677088 0 0
13.85545013711887 13.66964781509201 0 0
18.26564628482004 18.11751769155171 0 0
19.07262688797386 18.9742110246705 0 0
24.21676724386017 24.21600303345445 0 0
27.99542676379425 27.87796007491391 0 0
30.0642577755242 29.95750524051174 0 0
32.58890877422442 32.58380837075764 0 0
39.41695830571125 39.30932907511752 0 0
40.62012626129248 40.44672658848852 0 0
47.73004164644578 47.38166196631545 0 0
51.9723470703137 51.9176435249353 0 0
53.71865172082859 53.67028278908709 0 0
60.64275832460835 60.58411379567328 0 0
61.7573371719866 61.5795160750193 0 0
66.15535977761677 65.99104341867644 0 0
66.87328531963797 66.57293619090834 0 0
69.0530459492213 68.84664771697668 0 0
73.55396171945618 73.37601052192301 0 0
76.35239111892452 76.27540286687142 0 0
90.92676503792356 90.86137491146846 0 0
94.70009458327996 94.68200630297126 0 0
96.49333657803497 96.26514221316567 0 0
97.68681736678307 97.64429172925982 0 0
13
18.78883152676457 18.97724531572316 0 0
22.4199326582173 22.52694719678536 0 0
39.80089614097658 39.801270462825 0 0
45.82979419196626 45.85421922119934 0 0
49.12022013116826 49.26992011850805 0 0
49.56146133606043 49.5720003049232 0 0
62.11144500384767 62.16623930223115 0 0
68.67303646158211 68.7173089889592 0 0
71.20922413865891 71.29465603995534 0 0
71.33564472820061 71.49182416423942 0 0
74.12331016366279 74.14962177633281 0 0
94.35009043363016 94.5017312405907 0 0
95.76041673341766 95.84690338528395 0 0
