# Status file for ctqmc. Used to save all times t_s, t_e.
2
28
0.2309133814980839 0.3243657082876297 0 0
0.339679170117424 0.4033380293642964 0 0
1.993032188509702 2.104646914300702 0 0
7.636823266562616 7.794018388228125 0 0
9.584302687698667 9.630962938234818 0 0
22.65344910586079 22.78267068066076 0 0
41.09430103716178 41.13840215428941 0 0
41.27772276493229 41.38165010597528 0 0
42.86868873597975 42.91182865771873 0 0
42.97079164211197 43.03395123722144 0 0
44.19701901058278 44.2367042847717 0 0
46.30535123792801 46.50204560502117 0 0
47.08403639291683 47.10570129844844 0 0
53.98447584059799 53.99660498525823 0 0
58.43551372914717 58.53042976743521 0 0
61.76688349322801 61.90320908178612 0 0
63.29733863606809 63.32827647787742 0 0
63.53334963281578 63.63431090342673 0 0
65.04641484464277 65.13023559760873 0 0
71.56134901246335 71.70644610752412 0 0
73.54181623817651 73.65235080219766 0 0
84.73249591669875 84.83720280076427 0 0
85.64695667202753 85.81773294451472 0 0
92.61732466125163 92.63170426586272 0 0
92.69229509590778 92.81698346781187 0 0
95.90001861166999 95.97147974120449 0 0
98.97634805518538 99.1014162999595 0 0
99.5112807184597 99.64584317633246 0 0
17
6.28471734794993 6.200492497296006 0 0
7.908303432919944 7.905925758776378 0 0
33.64290255642697 33.57259648939181 0 0
33.81897335250979 33.76784513577183 0 0
47.44120541272517 47.41633564941337 0 0
53.05215745280572 53.02016121993345 0 0
58.85923579047614 58.78855430041443 0 0
60.14955012929871 60.14828598938752 0 0
67.36645426421957 67.30266605783319 0 0
71.67805026586538 71.61744794225781 0 0
75.86239965163784 75.76777725513369 0 0
76.38919600452604 76.24104230076763 0 0
82.38334615409353 82.37261472027839 0 0
88.54045864068404 88.42260061514257 0 0
90.37711088203308 90.33103580710889 0 0
95.75544011435721 95.75408322633139 0 0
98.70985032801273 98.473710231483 0 0
