# Status file for ctqmc. Used to save all times t_s, t_e.
2
29
2.080159539027925 1.944496497179617 0 0
2.525840011484795 2.503967235467334 0 0
5.571359582059523 5.492645623737086 0 0
7.265622865124041 6.936213293311126 0 0
8.362344016224004 8.089882211209362 0 0
11.32139538795634 11.10282314243759 0 0
14.36721457009672 14.29109441369945 0 0
16.31839022544344 16.10895735816421 0 0
18.06128631130449 17.92451687630682 0 0
23.55503334304379 23.52270626660287 0 0
30.25748717967558 30.19330408816693 0 0
40.52148604786415 40.49345417455348 0 0
43.75238244367293 43.68745784827266 0 0
44.07800219564301 43.9672605431695 0 0
48.09528926777205 48.0080558776089 0 0
51.43547635373697 51.42126059706965 0 0
52.63747478514914 52.49124699656877 0 0
52.73587343830108 52.71881411302327 0 0
60.64911019562247 60.47385692870812 0 0
64.43892150486123 64.33544355998879 0 0
65.64111606607807 65.44179603384997 0 0
78.64908176364335 78.57877606185004 0 0
80.47064507256566 80.33201547217521 0 0
80.83580085236474 80.75361524132403 0 0
81.36904349119543 81.04001536633082 0 0
82.92289584275684 82.8907006974061 0 0
90.45942217447821 90.40603926083871 0 0
92.75069504758446 92.5629880212454 0 0
98.72127423997567 98.7010933719998 0 0
21
0.9090438628968798 0.9191478312297932 0 0
1.910787754683689 2.111217391431026 0 0
4.964750132898331 5.118930912388848 0 0
5.286612198254842 5.58637039072125 0 0
7.724733407467246 7.765711503083601 0 0
11.31158177801884 11.41049760373911 0 0
16.82999082294488 16.85515671689476 0 0
17.92777450573641 18.02314457329647 0 0
37.49350369560235 37.49783590816698 0 0
43.37989588900811 43.45083024050182 0 0
52.41608602430048 52.46023772686579 0 0
58.06327588808276 58.07291169628535 0 0
64.96953375961861 65.09920574359431 0 0
75.26590491243525 75.31897480148076 0 0
81.78823769957347 81.85092161179617 0 0
83.85483755036165 83.95023078928283 0 0
87.44832852524212 87.49830026502572 0 0
89.5790280780043 89.61394881198714 0 0
94.84178660547957 94.92438400180519 0 0
95.78766181118752 95.7915379422388 0 0
95.83262328019282 96.0328154797518 0 0
