# Status file for ctqmc. Used to save all times t_s, t_e.
2
21
2.755701881808668 2.812179844775411 0 0
11.05331800554599 11.14428934256124 0 0
17.07186663914929 17.21324451698644 0 0
22.02966322787347 22.18090800808523 0 0
27.29847299904515 27.31465779349912 0 0
28.25454945554898 28.35341246844336 0 0
28.84768888096306 28.92756906834877 0 0
33.14679815095166 33.176802769037 0 0
36.49597197535078 36.57106053493569 0 0
37.91638788141426 37.92870056437338 0 0
44.51713808393532 44.63191867517227 0 0
46.31431727493805 46.40573648743852 0 0
47.23225497432643 47.45557037520153 0 0
51.33827923233248 51.37229666546236 0 0
55.0233586216892 55.09435881056523 0 0
67.03031331561473 67.25220939088791 0 0
68.67204967382713 68.77576109086105 0 0
80.79572546867992 80.82590524481691 0 0
84.97600174722714 85.07287343009388 0 0
87.50931564195065 87.63735076672407 0 0
88.77624314747263 89.20064698073159 0 0
22
0.9860078200202448 0.8813208971285669 0 0
3.056918567760046 3.006014236581346 0 0
4.470063205211435 4.308216705222259 0 0
5.507844846769906 5.321474318326256 0 0
11.87016106342591 11.78238858278939 0 0
16.29955241745218 16.2005492608247 0 0
19.16435268771296 19.06137254978888 0 0
25.91918145777908 25.88867420272786 0 0
29.13830429065188 28.83061666576771 0 0
31.32088479778561 31.23825847191267 0 0
37.19132787932259 37.17456957176579 0 0
43.07079756415873 43.01432234173284 0 0
43.81563003922515 43.78589061791305 0 0
48.15375795449117 47.92419584379367 0 0
50.77976523919505 50.63199452658196 0 0
51.86780307100577 51.75815696133765 0 0
55.27598089726706 55.20523692723963 0 0
56.68630348591331 56.67148663316699 0 0
57.0856334715649 56.96504847225265 0 0
62.90013472369539 62.90011578226441 0 0
84.4280229097138 84.39879276989004 0 0
87.71569007977632 87.69581189947448 0 0
