# Status file for ctqmc. Used to save all times t_s, t_e.
2
18
5.001884629619929 4.809721092930554 0 0
6.060679862035578 6.017154072971664 0 0
24.40429531554001 24.32963068546944 0 0
25.32489192545415 25.27945494623046 0 0
25.56229249154178 25.51355252414262 0 0
30.85807826161313 25.62029858708551 0 0
37.20103447729769 30.88216975711512 0 0
38.62317753129512 38.42093654052332 0 0
51.46974605800004 51.42545794362869 0 0
51.77241593163992 51.54479600770954 0 0
51.89019964853269 51.85682063616292 0 0
52.26343590504417 52.12736227601839 0 0
60.23358231196575 60.1550286685361 0 0
72.72628038470681 72.3860576330475 0 0
74.46366222821736 74.12909547279767 0 0
80.43606010043497 80.24025302891458 0 0
84.52037623425302 84.50643620748269 0 0
92.9149631251165 92.68921214993659 0 0
25
0.2298666023461713 0.5199631576559417 0 0
2.477194345518207 2.604351828136493 0 0
7.088787371920284 7.189859880227083 0 0
7.584270497934343 7.593535158979821 0 0
12.48376302294638 12.51717622505734 0 0
16.52060044453426 16.53061547477226 0 0
18.36699433422089 18.40798338079785 0 0
20.40355830050395 20.42266424358397 0 0
20.49519821567828 20.53381593540441 0 0
20.65201940447213 20.69595997532395 0 0
20.88260014978519 21.12321273448642 0 0
25.49248492196162 25.77300104206681 0 0
25.78499114895264 30.04058695339616 0 0
30.24677463160942 30.46383778516429 0 0
30.7406250821035 36.98648991935527 0 0
37.28399771028385 37.34092864771048 0 0
39.29619811400636 39.45537316711708 0 0
40.25842919992248 40.26656665656897 0 0
40.88407725614622 40.93010997605344 0 0
47.24427195613556 47.3764136538615 0 0
51.59830892679373 51.73820517117939 0 0
52.40701796812171 52.65536864187703 0 0
53.97280755300162 54.0206968336561 0 0
64.3106094498918 64.43057336791186 0 0
72.60752728489032 72.64517246254077 0 0
