# Status file for ctqmc. Used to save all times t_s, t_e.
2
25
1.303805801027309 1.292492586374692 0 0
3.953321908040724 3.719087965589324 0 0
4.558363599688583 4.490664063683939 0 0
8.887809383380191 8.872677411995685 0 0
13.21116434091658 12.96507347980247 0 0
15.61073721574252 15.59702875105072 0 0
26.00513887316514 25.85318765939021 0 0
35.52239800823569 35.5152730548861 0 0
37.56856451692028 37.53368531313539 0 0
45.90949791977291 45.89594458977407 0 0
47.62671432333582 47.56082694043072 0 0
50.12866826281995 50.07042903078253 0 0
51.01326452033401 50.99462729518152 0 0
52.82200915804003 52.80284606990386 0 0
54.84437197130511 54.70030287546788 0 0
55.9251810786876 55.77220931816092 0 0
64.95209447681863 64.80728508818397 0 0
69.92824705518068 69.89094231366923 0 0
73.3367074496407 73.24503477700245 0 0
75.10179081819102 75.05940907238075 0 0
75.38626008286921 75.12436417105182 0 0
84.99231067762064 84.87408451869975 0 0
89.622655583257 89.48777498511147 0 0
91.49327904247463 91.26565553635915 0 0
91.78891100094997 91.68033770547061 0 0
20
3.88949210434118 4.051187319951993 0 0
4.632014027199865 4.984924167007515 0 0
8.57251096448883 8.717771705659217 0 0
19.9150464533104 19.92535256310113 0 0
30.57221424402448 30.65582562121357 0 0
31.47059836390617 31.63315724236318 0 0
37.25446593903214 37.41568501062383 0 0
44.30436920548478 44.66917506831983 0 0
47.91861817724328 48.34413649485235 0 0
59.16956019340573 59.26943089795132 0 0
63.51733384476913 63.74628339418548 0 0
67.33034435500217 67.46488593393123 0 0
70.67046994147626 71.01268866697218 0 0
77.02512404064181 77.07115831800003 0 0
85.29428647433666 85.45557559748768 0 0
86.44963726848935 86.67868869378979 0 0
90.85337107795527 90.95277200429499 0 0
92.51425562815268 92.53969611197563 0 0
93.93996547286729 94.46889841483433 0 0
96.27092892714472 96.64736062448956 0 0
