# Status file for ctqmc. Used to save all times t_s, t_e.
2
19
2.187868589695682 2.241621991928099 0 0
9.645241889163472 9.711720862934786 0 0
20.36852821466648 20.60418148329671 0 0
23.6794543614866 23.68492015357479 0 0
27.57603387246166 27.62215800556452 0 0
30.14199427561979 30.16507204887606 0 0
31.46717625131318 31.53839768042432 0 0
31.8716351293157 32.32015417079839 0 0
38.17773096705492 38.33403588260234 0 0
38.53607615304347 38.58763536401041 0 0
40.32280772322005 40.81720471287699 0 0
47.43137475951995 47.46202937498212 0 0
59.61640055797269 59.78870821657999 0 0
64.47209800348759 64.61351204367682 0 0
65.43960317142688 65.5204246101917 0 0
82.53285446069469 82.54235612779495 0 0
84.08111630036018 84.08417589610285 0 0
88.48270755844771 88.50598085669911 0 0
89.9230835297893 90.10081588924947 0 0
20
0.5924489191465909 0.5538452445321869 0 0
4.743182785912102 4.572258875905417 0 0
5.521250765592101 5.515300072020153 0 0
17.9834801680312 17.97977742203213 0 0
19.35953770439551 19.27679323163745 0 0
22.13122996405939 22.01596713139342 0 0
27.69673391435702 27.67062024152385 0 0
30.55876439142505 30.2934187816301 0 0
40.82261160107504 40.63715297460894 0 0
46.79486174066228 46.77676094016226 0 0
50.45545705961365 50.43176590660341 0 0
54.76148865249149 54.65780704334354 0 0
54.98135749296956 54.77653636068291 0 0
61.06011704646576 61.01295688024041 0 0
72.55086605083325 72.34162538920961 0 0
73.23090828663777 73.09424997904027 0 0
75.13397616459952 74.92691670380593 0 0
83.03301369938531 82.98890337860414 0 0
85.36305673826986 85.0464655652828 0 0
97.89125647512785 97.82190624095202 0 0
