# Status file for ctqmc. Used to save all times t_s, t_e.
2
16
1.440018708557304 1.432152564152247 0 0
4.084700873739331 4.041284707716159 0 0
4.455343089109419 4.331962116349128 0 0
11.65112541018791 11.36696063955877 0 0
11.9993614775695 11.9589819377685 0 0
44.33257290402197 44.21044212128961 0 0
46.19990697282341 46.11373605181327 0 0
60.82532783793229 60.52096619585537 0 0
63.4821717320373 63.23889637932702 0 0
70.7900462783703 70.76193643198718 0 0
76.98160429939452 76.66998735077242 0 0
84.0608863581316 83.95718439130712 0 0
86.91557970069702 86.6576859987247 0 0
95.59163527396478 95.24260692000344 0 0
95.74788079834543 95.73908419185294 0 0
96.07965320610457 96.01087891906431 0 0
27
1.999111898382225 2.026274662593693 0 0
10.75552914077156 10.75781816205973 0 0
11.85444956087684 11.88120284580851 0 0
19.75545097609241 19.83378382368506 0 0
20.94820185202436 21.16541962390059 0 0
24.31340419519639 24.44093276885044 0 0
41.61149440139337 41.76659839382377 0 0
48.56104219310726 48.56926664610285 0 0
48.58231668445772 48.60172612629768 0 0
50.6423511033168 50.6428270474993 0 0
53.37762571105213 53.51420274729478 0 0
54.60836127343963 54.84294569692298 0 0
55.16203605739725 55.19195202230664 0 0
58.65284723522178 58.71299602420634 0 0
64.01320447669632 64.28876968023532 0 0
65.12432122529212 65.41164524771403 0 0
65.44386395595835 65.61989934991043 0 0
71.35534482797767 71.63020265894687 0 0
76.24387457578985 76.29324456058255 0 0
78.19378384023311 78.45996182061005 0 0
82.94804358025006 82.96376263474539 0 0
86.80835111996491 86.83077758634198 0 0
87.11508883602993 87.26947784895724 0 0
90.92087594264606 90.95567709037144 0 0
92.11787327460121 92.24524979991497 0 0
95.29518174434209 95.39484892127032 0 0
98.55966227073618 98.60257921295455 0 0
