0.0314159 2.96088e-06 -0.000872641  
0.0942478 2.96023e-06 -0.00261735  
0.15708 2.95893e-06 -0.00436033  
0.219911 2.95699e-06 -0.00610046  
0.282743 2.9544e-06 -0.00783658  
0.345575 2.95117e-06 -0.00956757  
0.408407 2.94731e-06 -0.0112923  
0.471239 2.94281e-06 -0.0130097  
0.534071 2.93769e-06 -0.0147187  
0.596903 2.93194e-06 -0.0164181  
0.659734 2.92559e-06 -0.018107  
0.722566 2.91863e-06 -0.0197844  
0.785398 2.91108e-06 -0.0214491  
0.84823 2.90294e-06 -0.0231003  
0.911062 2.89423e-06 -0.0247369  
0.973894 2.88495e-06 -0.0263582  
1.03673 2.87512e-06 -0.0279631  
1.09956 2.86475e-06 -0.0295508  
1.16239 2.85385e-06 -0.0311206  
1.22522 2.84244e-06 -0.0326715  
1.28805 2.83052e-06 -0.034203  
1.35088 2.81811e-06 -0.0357142  
1.41372 2.80523e-06 -0.0372044  
1.47655 2.79188e-06 -0.0386732  
1.53938 2.77809e-06 -0.0401197  
1.60221 2.76388e-06 -0.0415435  
1.66504 2.74924e-06 -0.0429441  
1.72788 2.73421e-06 -0.0443209  
1.79071 2.71879e-06 -0.0456736  
1.85354 2.703e-06 -0.0470017  
1.91637 2.68687e-06 -0.0483048  
1.9792 2.67039e-06 -0.0495827  
2.04204 2.65359e-06 -0.0508349  
2.10487 2.63649e-06 -0.0520614  
2.1677 2.6191e-06 -0.0532618  
2.23053 2.60144e-06 -0.054436  
2.29336 2.58352e-06 -0.0555839  
2.35619 2.56535e-06 -0.0567052  
2.41903 2.54696e-06 -0.0578  
2.48186 2.52836e-06 -0.0588681  
2.54469 2.50956e-06 -0.0599097  
2.60752 2.49058e-06 -0.0609246  
2.73319 2.45213e-06 -0.0628748  
2.79602 2.43268e-06 -0.0638102  
2.85885 2.41312e-06 -0.0647194  
2.98451 2.37366e-06 -0.0664594  
3.04734 2.35379e-06 -0.0672906  
3.11018 2.33386e-06 -0.0680963  
3.23584 2.2938e-06 -0.0696319  
3.29867 2.27372e-06 -0.0703623  
3.42434 2.23347e-06 -0.0717498  
3.48717 2.21333e-06 -0.0724075  
3.61283 2.17307e-06 -0.0736523  
3.7385 2.1329e-06 -0.0748053  
3.80133 2.11287e-06 -0.0753483  
3.92699 2.07297e-06 -0.076369  
4.05265 2.03332e-06 -0.0773053  
4.17832 1.99398e-06 -0.0781603  
4.30398 1.95499e-06 -0.078937  
4.42965 1.91642e-06 -0.0796387  
4.55531 1.87829e-06 -0.0802686  
4.68097 1.84065e-06 -0.0808298  
4.80664 1.80352e-06 -0.0813254  
4.99513 1.74885e-06 -0.0819528  
5.1208 1.71312e-06 -0.0822981  
5.24646 1.67799e-06 -0.0825885  
5.43496 1.62644e-06 -0.0829274  
5.56062 1.59286e-06 -0.0830929  
5.74911 1.54368e-06 -0.0832574  
5.93761 1.49596e-06 -0.0833288  
6.06327 1.46495e-06 -0.0833287  
6.25177 1.41966e-06 -0.083263  
6.44026 1.37582e-06 -0.0831248  
6.62876 1.33343e-06 -0.0829212  
6.81726 1.29245e-06 -0.0826585  
7.00575 1.25287e-06 -0.0823426  
7.25708 1.20222e-06 -0.0818481  
7.44557 1.16578e-06 -0.0814288  
7.6969 1.11919e-06 -0.0808139  
7.8854 1.08571e-06 -0.0803161  
8.13672 1.04294e-06 -0.0796108  
8.38805 1.00221e-06 -0.0788652  
8.63938 9.63446e-07 -0.0780863  
8.89071 9.2655e-07 -0.0772805  
9.14203 8.91432e-07 -0.0764532  
9.39336 8.58006e-07 -0.0756095  
9.64469 8.26187e-07 -0.0747534  
9.95885 7.88546e-07 -0.0736717  
10.273 7.53134e-07 -0.072583  
10.5243 7.26311e-07 -0.0717104  
10.8385 6.9455e-07 -0.0706215  
11.1527 6.64631e-07 -0.0695382  
11.5296 6.30989e-07 -0.0682499  
11.8438 6.04704e-07 -0.0671891  
12.2208 5.75106e-07 -0.0659344  
12.535 5.51946e-07 -0.0649059  
12.9119 5.25826e-07 -0.063694  
13.2889 5.01396e-07 -0.062508  
13.7288 4.74854e-07 -0.0611584  
14.1058 4.53648e-07 -0.0600316  
14.5456 4.30557e-07 -0.0587525  
14.9226 4.12067e-07 -0.0576867  
15.3624 3.91888e-07 -0.0564788  
15.865 3.70507e-07 -0.0551445  
16.3049 3.53139e-07 -0.0540167  
16.8075 3.34685e-07 -0.0527721  
17.3102 3.17584e-07 -0.0515733  
17.8128 3.01714e-07 -0.0504189  
18.3155 2.86964e-07 -0.0493071  
18.881 2.71585e-07 -0.0481055  
19.3836 2.58898e-07 -0.0470791  
20.0119 2.44215e-07 -0.0458487  
20.5774 2.32015e-07 -0.044789  
21.2058 2.19473e-07 -0.0436616  
21.8341 2.07898e-07 -0.0425842  
22.4624 1.97193e-07 -0.041554  
23.0907 1.87277e-07 -0.0405683  
23.7819 1.77192e-07 -0.0395325  
24.473 1.67885e-07 -0.0385445  
25.227 1.58528e-07 -0.0375178  
25.981 1.4992e-07 -0.0365409  
26.735 1.41983e-07 -0.0356106  
27.4889 1.3465e-07 -0.034724  
28.3057 1.2732e-07 -0.0338094  
29.1854 1.20068e-07 -0.0328743  
30.0022 1.13867e-07 -0.0320491  
30.8819 1.07705e-07 -0.0312036  
31.8243 1.01636e-07 -0.0303439  
32.7668 9.60603e-08 -0.0295286  
33.7093 9.09265e-08 -0.0287544  
34.7146 8.5887e-08 -0.0279708  
35.7199 8.12514e-08 -0.0272274  
36.788 7.67221e-08 -0.0264784  
37.8562 7.25582e-08 -0.0257684  
38.9872 6.85056e-08 -0.025056  
40.1181 6.47809e-08 -0.024381  
41.3119 6.11672e-08 -0.023706  
42.5686 5.76785e-08 -0.0230339  
43.8252 5.44781e-08 -0.0223981  
45.0819 5.15355e-08 -0.0217958  
46.4013 4.86937e-08 -0.0211967  
47.7836 4.59603e-08 -0.0206028  
49.2288 4.33405e-08 -0.020016  
50.6739 4.09374e-08 -0.0194612  
52.1819 3.8636e-08 -0.0189137  
53.6898 3.65226e-08 -0.0183958  
55.2606 3.44996e-08 -0.0178852  
56.8942 3.25683e-08 -0.0173831  
58.5907 3.07289e-08 -0.0168904  
60.2872 2.90406e-08 -0.0164246  
62.1093 2.73771e-08 -0.0159518  
63.9314 2.58522e-08 -0.0155052  
65.8164 2.44047e-08 -0.0150686  
67.7642 2.30326e-08 -0.0146423  
69.7748 2.1734e-08 -0.0142266  
71.7854 2.05419e-08 -0.0138338  
73.9217 1.93794e-08 -0.0134393  
76.1208 1.82826e-08 -0.0130559  
78.3827 1.72487e-08 -0.0126836  
80.6447 1.63e-08 -0.0123318  
83.0323 1.53808e-08 -0.0119809  
85.4827 1.45159e-08 -0.0116409  
88.0588 1.36829e-08 -0.0113036  
90.6349 1.29195e-08 -0.0109851  
93.2739 1.22017e-08 -0.0106769  
96.0385 1.15121e-08 -0.010372  
98.8659 1.08654e-08 -0.0100776  
101.819 1.02464e-08 -0.00978736  
104.835 9.66725e-09 -0.00950766  
107.914 9.12518e-09 -0.00923811  
111.118 8.60798e-09 -0.00897327  
114.385 8.12458e-09 -0.00871839  
117.715 7.67258e-09 -0.00847305  
121.234 7.23475e-09 -0.00822835  
124.815 6.82647e-09 -0.00799336  
128.46 6.44548e-09 -0.0077676  
132.292 6.07817e-09 -0.00754349  
136.188 5.73608e-09 -0.00732856  
140.209 5.41237e-09 -0.00711916  
144.356 5.1064e-09 -0.00691536  
148.566 4.82158e-09 -0.00672006  
152.964 4.54871e-09 -0.00652744  
157.488 4.29151e-09 -0.00634049  
162.138 4.04924e-09 -0.00615917  
166.913 3.82116e-09 -0.00598342  
171.877 3.6039e-09 -0.00581105  
176.903 3.40224e-09 -0.00564632  
182.181 3.20818e-09 -0.0054831  
187.522 3.02822e-09 -0.00532726  
193.051 2.85741e-09 -0.00517498  
198.769 2.69553e-09 -0.0050264  
204.612 2.5439e-09 -0.0048831  
210.644 2.40041e-09 -0.0047435  
216.864 2.26479e-09 -0.00460765  
223.273 2.13673e-09 -0.00447559  
229.87 2.01592e-09 -0.00434732  
236.656 1.90204e-09 -0.00422283  
243.631 1.79477e-09 -0.00410209  
250.856 1.69292e-09 -0.00398407  
258.27 1.59717e-09 -0.00386982  
265.873 1.50718e-09 -0.00375928  
273.727 1.42197e-09 -0.00365152  
281.832 1.3414e-09 -0.0035466  
290.126 1.26583e-09 -0.0034453  
298.671 1.19446e-09 -0.00334681  
307.531 1.12666e-09 -0.00325047  
316.578 1.06321e-09 -0.00315764  
325.94 1.00303e-09 -0.00306701  
335.554 9.46396e-10 -0.0029792  
345.481 8.92804e-10 -0.00289364  
355.66 8.42447e-10 -0.00281088  
366.153 7.94867e-10 -0.00273037  
376.96 7.49955e-10 -0.00265213  
