0.0314159 2.96229e-06 -0.000872631  
0.0942478 2.9906e-06 -0.00261718  
0.15708 3.06223e-06 -0.00435961  
0.219911 3.19101e-06 -0.00609854  
0.282743 3.38829e-06 -0.00783261  
0.345575 3.66103e-06 -0.00956049  
0.408407 4.01304e-06 -0.0112809  
0.471239 4.44493e-06 -0.0129924  
0.534071 4.95418e-06 -0.014694  
0.596903 5.53393e-06 -0.0163844  
0.659734 6.1716e-06 -0.0180625  
0.722566 6.85374e-06 -0.019727  
0.785398 7.56192e-06 -0.0213771  
0.84823 8.27632e-06 -0.0230116  
0.911062 8.9759e-06 -0.0246295  
0.973894 9.63876e-06 -0.0262301  
1.03673 1.02427e-05 -0.0278122  
1.09956 1.07746e-05 -0.0293751  
1.16239 1.12225e-05 -0.030918  
1.22522 1.15727e-05 -0.0324402  
1.28805 1.18263e-05 -0.0339408  
1.35088 1.19842e-05 -0.0354193  
1.41372 1.20417e-05 -0.036875  
1.47655 1.20072e-05 -0.0383074  
1.53938 1.18848e-05 -0.0397159  
1.60221 1.16723e-05 -0.0411  
1.66504 1.13729e-05 -0.0424594  
1.72788 1.10031e-05 -0.0437936  
1.79071 1.05593e-05 -0.0451024  
1.85354 1.00381e-05 -0.0463853  
1.91637 9.44461e-06 -0.0476423  
1.9792 8.76679e-06 -0.048873  
2.04204 7.99085e-06 -0.0500772  
2.10487 7.13044e-06 -0.051255  
2.1677 6.1745e-06 -0.052406  
2.23053 5.10977e-06 -0.0535304  
2.29336 3.93525e-06 -0.054628  
2.35619 2.65284e-06 -0.0556989  
2.41903 1.25378e-06 -0.056743  
2.48186 -2.4522e-07 -0.0577604  
2.54469 -1.81099e-06 -0.0587512  
2.60752 -3.42706e-06 -0.0597156  
2.73319 -6.6886e-06 -0.0615655  
2.79602 -8.26766e-06 -0.0624514  
2.85885 -9.79137e-06 -0.0633116  
2.98451 -1.25467e-05 -0.064956  
3.04734 -1.37695e-05 -0.0657407  
3.11018 -1.48921e-05 -0.0665009  
3.23584 -1.69176e-05 -0.0679487  
3.29867 -1.78921e-05 -0.0686371  
3.42434 -1.99104e-05 -0.0699442  
3.48717 -2.10211e-05 -0.0705636  
3.61283 -2.3594e-05 -0.0717358  
3.7385 -2.6843e-05 -0.0728214  
3.80133 -2.87456e-05 -0.0733324  
3.92699 -3.3048e-05 -0.0742929  
4.05265 -3.78261e-05 -0.0751734  
4.17832 -4.27284e-05 -0.075977  
4.30398 -4.73413e-05 -0.0767069  
4.42965 -5.13281e-05 -0.0773664  
4.55531 -5.44817e-05 -0.0779592  
4.68097 -5.6742e-05 -0.0784888  
4.80664 -5.81471e-05 -0.0789584  
4.99513 -5.89626e-05 -0.0795574  
5.1208 -5.52736e-05 -0.0799099  
5.24646 -5.22525e-05 -0.0802006  
5.43496 -4.80227e-05 -0.0805453  
5.56062 -4.53932e-05 -0.080718  
5.74911 -4.17161e-05 -0.0808977  
5.93761 -3.83387e-05 -0.0809893  
6.06327 -3.62423e-05 -0.0810051  
6.25177 -3.33146e-05 -0.0809662  
6.44026 -3.06291e-05 -0.0808584  
6.62876 -2.81663e-05 -0.080688  
6.81726 -2.59082e-05 -0.080461  
7.00575 -2.38382e-05 -0.0801828  
7.25708 -2.13437e-05 -0.0797412  
7.44557 -1.96536e-05 -0.079363  
7.6969 -1.76167e-05 -0.0788043  
7.8854 -1.62361e-05 -0.0783494  
8.13672 -1.45714e-05 -0.0777018  
8.38805 -1.30869e-05 -0.0770142  
8.63938 -1.17626e-05 -0.0762931  
8.89071 -1.05804e-05 -0.0755446  
9.14203 -9.52434e-06 -0.0747739  
9.39336 -8.58008e-06 -0.0739857  
9.64469 -7.73499e-06 -0.0731842  
9.95885 -6.80139e-06 -0.0721689  
10.273 -5.98813e-06 -0.0711442  
10.5243 -5.41079e-06 -0.0703215  
10.8385 -4.76755e-06 -0.0692932  
11.1527 -4.20158e-06 -0.0682685  
11.5296 -3.61128e-06 -0.0670477  
11.8438 -3.18384e-06 -0.0660407  
12.2208 -2.73768e-06 -0.0648476  
12.535 -2.41428e-06 -0.063868  
12.9119 -2.07623e-06 -0.0627119  
13.2889 -1.78533e-06 -0.0615785  
13.7288 -1.49644e-06 -0.0602866  
14.1058 -1.28556e-06 -0.0592062  
14.5456 -1.07565e-06 -0.0579777  
14.9226 -9.22034e-07 -0.0569526  
15.3624 -7.68751e-07 -0.055789  
15.865 -6.22243e-07 -0.0545016  
16.3049 -5.14966e-07 -0.0534119  
16.8075 -4.12144e-07 -0.0522074  
17.3102 -3.26799e-07 -0.0510457  
17.8128 -2.55913e-07 -0.0499254  
18.3155 -1.96943e-07 -0.0488452  
18.881 -1.42338e-07 -0.0476761  
19.3836 -1.02402e-07 -0.0466762  
20.0119 -6.17186e-08 -0.0454762  
20.5774 -3.22578e-08 -0.0444415  
21.2058 -5.95761e-09 -0.0433394  
21.8341 1.49016e-08 -0.0422851  
22.4624 3.13822e-08 -0.0412758  
23.0907 4.43448e-08 -0.0403093  
23.7819 5.53178e-08 -0.0392927  
24.473 6.35774e-08 -0.0383221  
25.227 7.01463e-08 -0.0373125  
25.981 7.47247e-08 -0.0363511  
26.735 7.77403e-08 -0.0354349  
27.4889 7.95663e-08 -0.0345609  
28.3057 8.04869e-08 -0.0336588  
29.1854 8.0565e-08 -0.0327358  
30.0022 8.00042e-08 -0.0319207  
30.8819 7.88951e-08 -0.031085  
31.8243 7.73034e-08 -0.0302348  
32.7668 7.5411e-08 -0.029428  
33.7093 7.3327e-08 -0.0286615  
34.7146 7.09771e-08 -0.0278852  
35.7199 6.85683e-08 -0.0271484  
36.788 6.59893e-08 -0.0264058  
37.8562 6.34291e-08 -0.0257015  
38.9872 6.07851e-08 -0.0249945  
40.1181 5.82198e-08 -0.0243243  
41.3119 5.56165e-08 -0.0236539  
42.5686 5.29954e-08 -0.022986  
43.8252 5.05114e-08 -0.0223541  
45.0819 4.81585e-08 -0.0217552  
46.4013 4.58316e-08 -0.0211594  
47.7836 4.35398e-08 -0.0205685  
49.2288 4.12993e-08 -0.0199845  
50.6739 3.92072e-08 -0.0194323  
52.1819 3.71721e-08 -0.0188871  
53.6898 3.52781e-08 -0.0183713  
55.2606 3.3443e-08 -0.0178628  
56.8942 3.16742e-08 -0.0173625  
58.5907 2.99713e-08 -0.0168715  
60.2872 2.83976e-08 -0.0164072  
62.1093 2.68323e-08 -0.0159358  
63.9314 2.53907e-08 -0.0154906  
65.8164 2.40121e-08 -0.0150551  
67.7642 2.27006e-08 -0.0146299  
69.7748 2.14529e-08 -0.0142153  
71.7854 2.03027e-08 -0.0138234  
73.9217 1.91751e-08 -0.0134298  
76.1208 1.81101e-08 -0.0130472  
78.3827 1.71016e-08 -0.0126756  
80.6447 1.61757e-08 -0.0123244  
83.0323 1.52746e-08 -0.0119742  
85.4827 1.4426e-08 -0.0116347  
88.0588 1.36066e-08 -0.0112979  
90.6349 1.28542e-08 -0.0109799  
93.2739 1.21464e-08 -0.0106721  
96.0385 1.14647e-08 -0.0103676  
98.8659 1.08242e-08 -0.0100736  
101.819 1.02119e-08 -0.00978367  
104.835 9.63779e-09 -0.00950428  
107.914 9.1003e-09 -0.009235  
111.118 8.58643e-09 -0.00897043  
114.385 8.10605e-09 -0.00871578  
117.715 7.65677e-09 -0.00847065  
121.234 7.22142e-09 -0.00822616  
124.815 6.81473e-09 -0.00799135  
128.46 6.43518e-09 -0.00776575  
132.292 6.06976e-09 -0.0075418  
136.188 5.72883e-09 -0.00732702  
140.209 5.40616e-09 -0.00711774  
144.356 5.10113e-09 -0.00691406  
148.566 4.8167e-09 -0.00671886  
152.964 4.54463e-09 -0.00652634  
157.488 4.28814e-09 -0.00633948  
162.138 4.04614e-09 -0.00615825  
166.913 3.81865e-09 -0.00598258  
171.877 3.6016e-09 -0.00581028  
176.903 3.40043e-09 -0.00564561  
182.181 3.20652e-09 -0.00548245  
187.522 3.0267e-09 -0.00532667  
193.051 2.856e-09 -0.00517444  
198.769 2.69449e-09 -0.0050259  
204.612 2.54295e-09 -0.00488264  
210.644 2.39954e-09 -0.00474308  
216.864 2.26398e-09 -0.00460727  
223.273 2.13599e-09 -0.00447524  
229.87 2.01543e-09 -0.00434699  
236.656 1.9016e-09 -0.00422253  
243.631 1.79436e-09 -0.00410182  
250.856 1.69255e-09 -0.00398382  
258.27 1.59684e-09 -0.0038696  
265.873 1.50687e-09 -0.00375907  
273.727 1.42169e-09 -0.00365133  
281.832 1.34114e-09 -0.00354643  
290.126 1.2656e-09 -0.00344514  
298.671 1.19425e-09 -0.00334667  
307.531 1.12646e-09 -0.00325034  
316.578 1.06312e-09 -0.00315752  
325.94 1.00295e-09 -0.00306689  
335.554 9.4633e-10 -0.00297909  
345.481 8.92745e-10 -0.00289355  
355.66 8.42394e-10 -0.00281079  
366.153 7.9482e-10 -0.00273029  
376.96 7.49914e-10 -0.00265206  
