0.0314159 2.11183 -1145.9  
0.0942478 5.56788 -381.971  
0.15708 5.84437 -229.183  
0.219911 5.92054 -163.702  
0.282743 5.95189 -127.324  
0.345575 5.96776 -104.174  
0.408407 5.97689 -88.1473  
0.471239 5.98261 -76.3944  
0.534071 5.98644 -67.4068  
0.596903 5.98912 -60.3113  
0.659734 5.99108 -54.5674  
0.722566 5.99254 -49.8224  
0.785398 5.99367 -45.8366  
0.84823 5.99456 -42.4413  
0.911062 5.99527 -39.5143  
0.973894 5.99585 -36.965  
1.03673 5.99632 -34.7247  
1.09956 5.99672 -32.7404  
1.16239 5.99705 -30.9707  
1.22522 5.99734 -29.3825  
1.28805 5.99758 -27.9492  
1.35088 5.99779 -26.6492  
1.41372 5.99797 -25.4648  
1.47655 5.99813 -24.3812  
1.53938 5.99827 -23.386  
1.60221 5.9984 -22.4689  
1.66504 5.99851 -21.621  
1.72788 5.99861 -20.8348  
1.79071 5.9987 -20.1038  
1.85354 5.99878 -19.4223  
1.91637 5.99885 -18.7855  
1.9792 5.99891 -18.1891  
2.04204 5.99897 -17.6295  
2.10487 5.99903 -17.1032  
2.1677 5.99908 -16.6075  
2.23053 5.99912 -16.1397  
2.29336 5.99916 -15.6975  
2.35619 5.9992 -15.2789  
2.41903 5.99924 -14.882  
2.48186 5.99927 -14.5053  
2.54469 5.9993 -14.1471  
2.60752 5.99933 -13.8062  
2.73319 5.99938 -13.1714  
2.79602 5.9994 -12.8755  
2.85885 5.99942 -12.5925  
2.98451 5.99946 -12.0623  
3.04734 5.99948 -11.8136  
3.11018 5.9995 -11.5749  
3.23584 5.99953 -11.1254  
3.29867 5.99954 -10.9135  
3.42434 5.99957 -10.513  
3.48717 5.99958 -10.3236  
3.61283 5.9996 -9.96448  
3.7385 5.99962 -9.62954  
3.80133 5.99963 -9.47038  
3.92699 5.99964 -9.16732  
4.05265 5.99966 -8.88307  
4.17832 5.99967 -8.61591  
4.30398 5.99969 -8.36435  
4.42965 5.9997 -8.12706  
4.55531 5.99971 -7.90287  
4.68097 5.99972 -7.69071  
4.80664 5.99973 -7.48964  
4.99513 5.99974 -7.20702  
5.1208 5.99975 -7.03016  
5.24646 5.99975 -6.86177  
5.43496 5.99976 -6.62379  
5.56062 5.99977 -6.4741  
5.74911 5.99978 -6.26183  
5.93761 5.99978 -6.06305  
6.06327 5.99979 -5.93739  
6.25177 5.9998 -5.75837  
6.44026 5.9998 -5.58983  
6.62876 5.99981 -5.43088  
6.81726 5.99981 -5.28072  
7.00575 5.99982 -5.13863  
7.25708 5.99982 -4.96067  
7.44557 5.99982 -4.83509  
7.6969 5.99983 -4.67721  
7.8854 5.99983 -4.5654  
8.13672 5.99984 -4.42438  
8.38805 5.99984 -4.29182  
8.63938 5.99984 -4.16697  
8.89071 5.99984 -4.04917  
9.14203 5.99985 -3.93785  
9.39336 5.99985 -3.83249  
9.64469 5.99985 -3.73262  
9.95885 5.99985 -3.61488  
10.273 5.99986 -3.50433  
10.5243 5.99986 -3.42064  
10.8385 5.99986 -3.32149  
11.1527 5.99986 -3.22793  
11.5296 5.99986 -3.12239  
11.8438 5.99987 -3.03956  
12.2208 5.99987 -2.9458  
12.535 5.99987 -2.87197  
12.9119 5.99987 -2.78812  
13.2889 5.99987 -2.70902  
13.7288 5.99987 -2.62223  
14.1058 5.99987 -2.55215  
14.5456 5.99988 -2.47498  
14.9226 5.99988 -2.41245  
15.3624 5.99988 -2.34339  
15.865 5.99988 -2.26914  
16.3049 5.99988 -2.20793  
16.8075 5.99988 -2.1419  
17.3102 5.99988 -2.0797  
17.8128 5.99988 -2.02102  
18.3155 5.99988 -1.96555  
18.881 5.99988 -1.90668  
19.3836 5.99988 -1.85724  
20.0119 5.99988 -1.79893  
20.5774 5.99988 -1.74949  
21.2058 5.99988 -1.69765  
21.8341 5.99989 -1.6488  
22.4624 5.99989 -1.60268  
23.0907 5.99989 -1.55907  
23.7819 5.99989 -1.51376  
24.473 5.99989 -1.47101  
25.227 5.99989 -1.42704  
25.981 5.99989 -1.38563  
26.735 5.99989 -1.34655  
27.4889 5.99989 -1.30962  
28.3057 5.99989 -1.27183  
29.1854 5.99989 -1.23349  
30.0022 5.99989 -1.19991  
30.8819 5.99989 -1.16573  
31.8243 5.99989 -1.13121  
32.7668 5.99989 -1.09867  
33.7093 5.99989 -1.06795  
34.7146 5.99989 -1.03703  
35.7199 5.99989 -1.00784  
36.788 5.99989 -0.978579  
37.8562 5.99989 -0.950967  
38.9872 5.99989 -0.923381  
40.1181 5.99989 -0.89735  
41.3119 5.99989 -0.871419  
42.5686 5.99989 -0.845694  
43.8252 5.99989 -0.821445  
45.0819 5.99989 -0.798547  
46.4013 5.99989 -0.77584  
47.7836 5.99989 -0.753396  
49.2288 5.99989 -0.73128  
50.6739 5.99989 -0.710425  
52.1819 5.99989 -0.689895  
53.6898 5.99989 -0.670518  
55.2606 5.99989 -0.651459  
56.8942 5.99989 -0.632753  
58.5907 5.99989 -0.614432  
60.2872 5.99989 -0.597142  
62.1093 5.99989 -0.579623  
63.9314 5.99989 -0.563103  
65.8164 5.99989 -0.546976  
67.7642 5.99989 -0.531254  
69.7748 5.99989 -0.515946  
71.7854 5.99989 -0.501495  
73.9217 5.99989 -0.487002  
76.1208 5.99989 -0.472933  
78.3827 5.99989 -0.459285  
80.6447 5.99989 -0.446403  
83.0323 5.99989 -0.433566  
85.4827 5.99989 -0.421138  
88.0588 5.99989 -0.408818  
90.6349 5.99989 -0.397198  
93.2739 5.99989 -0.38596  
96.0385 5.99989 -0.37485  
98.8659 5.99989 -0.36413  
101.819 5.99989 -0.353569  
104.835 5.99989 -0.343397  
107.914 5.99989 -0.3336  
111.118 5.99989 -0.32398  
114.385 5.99989 -0.314726  
117.715 5.99989 -0.305822  
121.234 5.99989 -0.296946  
124.815 5.99989 -0.288426  
128.46 5.99989 -0.280243  
132.292 5.99989 -0.272124  
136.188 5.99989 -0.26434  
140.209 5.99989 -0.256759  
144.356 5.99989 -0.249383  
148.566 5.99989 -0.242317  
152.964 5.99989 -0.235349  
157.488 5.99989 -0.228589  
162.138 5.99989 -0.222034  
166.913 5.99989 -0.215681  
171.877 5.99989 -0.209453  
176.903 5.99989 -0.203501  
182.181 5.99989 -0.197606  
187.522 5.99989 -0.191978  
193.051 5.99989 -0.186479  
198.769 5.99989 -0.181115  
204.612 5.99989 -0.175943  
210.644 5.99989 -0.170905  
216.864 5.99989 -0.166003  
223.273 5.99989 -0.161238  
229.87 5.99989 -0.15661  
236.656 5.99989 -0.152119  
243.631 5.99989 -0.147765  
250.856 5.99989 -0.143509  
258.27 5.99989 -0.139389  
265.873 5.99989 -0.135403  
273.727 5.99989 -0.131518  
281.832 5.99989 -0.127736  
290.126 5.99989 -0.124084  
298.671 5.99989 -0.120534  
307.531 5.99989 -0.117062  
316.578 5.99989 -0.113716  
325.94 5.99989 -0.11045  
335.554 5.99989 -0.107285  
345.481 5.99989 -0.104203  
355.66 5.99989 -0.10122  
366.153 5.99989 -0.0983197  
376.96 5.99989 -0.0955009  
