# Status file for ctqmc. Used to save all times t_s, t_e.
2
16
1.678569241957305 1.327601682168569 0 0
12.28942562611298 12.12875789535354 0 0
18.07023161226471 18.03907678736314 0 0
20.53668241895839 20.36561122661269 0 0
26.12082370878566 26.08527999138319 0 0
29.79382065025867 29.73585370417621 0 0
38.8936239399701 38.82268046315829 0 0
46.52643047607913 46.52594367604519 0 0
49.46479079407089 49.38849516593361 0 0
52.54393876469334 52.53238666727595 0 0
55.79340719733944 55.62112055629272 0 0
73.12754297446378 73.09036454390403 0 0
75.42834750792508 75.37519959525061 0 0
82.17132423389047 82.11534367140918 0 0
87.7933206273742 87.6534451776691 0 0
91.49530792762218 91.31087396102373 0 0
22
1.686734946401245 1.733975028729887 0 0
5.650802222216401 5.978862750643821 0 0
7.501128094257531 7.578429876476441 0 0
9.645916876643302 9.688659189095162 0 0
21.07355825377336 21.07502985496848 0 0
28.73651293139023 28.92985108690928 0 0
36.85462975315428 36.97134499218685 0 0
37.09442770197496 37.12971049732171 0 0
46.15354307539341 46.45849168465239 0 0
47.37815886896604 47.38063429400298 0 0
50.23544710060412 50.37155998253887 0 0
57.90689966905298 57.98382680656236 0 0
58.80430259880654 58.90389343883494 0 0
59.98449618984371 60.00538604321225 0 0
65.77683426524347 65.915995734338 0 0
71.3418127318274 71.46048567165475 0 0
72.92894492295923 73.37738677250053 0 0
77.32691813646053 77.44430209636812 0 0
77.72701005698815 77.82756826781215 0 0
78.54685936402799 78.65057092571105 0 0
87.7536167614695 88.07429565791655 0 0
99.80879981898259 99.88086040901985 0 0
