# Status file for ctqmc. Used to save all times t_s, t_e.
2
24
3.233448328617845 3.308006426468896 0 0
13.27984095181645 13.34551478798389 0 0
17.02129153002998 17.08418682679582 0 0
21.43135625863935 21.57677964769012 0 0
22.9036561828225 22.90467282688643 0 0
26.68962648692353 26.80786836889562 0 0
26.86976288512664 26.91846297938152 0 0
30.51736481932987 30.68858116764212 0 0
36.74836806178249 36.79068460118195 0 0
47.82697836375482 47.91952914363724 0 0
48.11577927292416 48.13616060143899 0 0
50.05587335488654 50.088456532624 0 0
51.07429541509207 51.11317769020805 0 0
52.00383372996914 52.0926721755599 0 0
54.09721356893358 54.36464714115698 0 0
54.42816541956588 54.50442720132675 0 0
57.4285275603097 57.43129292068522 0 0
66.27868266016232 66.36290225086636 0 0
69.6301818078452 69.68419748289861 0 0
69.71233122421995 69.74772224415464 0 0
69.78561289565953 69.91484061052985 0 0
87.88139320985407 88.1796930073601 0 0
90.92909362010396 91.02399096564434 0 0
97.84541190261571 97.91223891101156 0 0
28
3.588645151566041 3.577598183129737 0 0
4.251584991448399 4.212752257256086 0 0
8.379653984561443 8.333180958001304 0 0
11.23577499613227 11.20682196016159 0 0
12.59082786886892 12.58630047534139 0 0
13.37337085615936 13.26301361981724 0 0
17.21664091346451 16.88828965170869 0 0
33.12907780646468 32.990311780496 0 0
34.97237806426014 34.85667075974396 0 0
36.00727775496028 35.82978943647208 0 0
37.32653816508398 37.29395788697467 0 0
51.18520614208052 51.14422905312944 0 0
51.60506991753872 51.57809456820051 0 0
53.88936294294751 53.83032126696717 0 0
54.21633367269181 54.15715927430672 0 0
58.23218967438555 57.88619299321088 0 0
65.22897138659988 65.21352493774656 0 0
66.16632905619274 66.05037951692857 0 0
73.60447047102012 73.22736672318256 0 0
75.30485703937077 75.21667429704817 0 0
75.68510969270801 75.52307710796542 0 0
77.8901559605419 77.80510674458577 0 0
86.61045185367975 86.47037720501432 0 0
89.34050624831758 89.24386705102719 0 0
94.77000723352887 94.74041918022466 0 0
97.14796515006597 97.12281666421354 0 0
97.57288104211263 97.531085799761 0 0
98.48379872874246 98.45669409707681 0 0
