# Status file for ctqmc. Used to save all times t_s, t_e.
2
31
2.474962318483548 2.736213677094048 0 0
5.532558547309661 5.699170533360744 0 0
7.087028808238655 7.15293264696447 0 0
7.433646987839346 7.579074358881222 0 0
7.727193410323208 7.97043878032879 0 0
9.540352364209868 9.613631934511774 0 0
10.12555910143753 10.24858771000111 0 0
11.38685045082874 11.42100586894987 0 0
11.71300714308332 11.89181557725038 0 0
12.98915951647897 13.02302040676537 0 0
19.0839505142386 19.13630274454274 0 0
24.96204951267295 24.96584082472115 0 0
25.47413179170292 25.8125405416844 0 0
26.06260057090697 26.08416066809497 0 0
29.50500655866612 29.5449407957674 0 0
39.21726508137221 39.22194898548818 0 0
46.95422716810788 47.35199236994187 0 0
57.85442862060643 58.08540704127131 0 0
58.89156758287112 58.91079392475967 0 0
61.61636690616533 61.75833040305181 0 0
61.80820728700604 61.9670750862258 0 0
67.25391808301445 67.28492295945045 0 0
72.80147646761976 72.95788007987206 0 0
73.63261722617128 73.68393726976285 0 0
77.35027587880244 77.36265163387958 0 0
89.32453420082506 89.67019475408816 0 0
91.18553733129528 91.22166361393965 0 0
91.74714045112907 91.75261781445943 0 0
94.77067560215288 94.98910046505146 0 0
98.34987106912827 98.36317603717399 0 0
99.04617648788323 99.15221665368426 0 0
20
10.96126654399228 10.91445680212534 0 0
11.72736333170485 11.64801221575745 0 0
14.5903193580389 14.38504787787036 0 0
22.37378082453671 22.20863506534676 0 0
24.08881319292668 23.96563902921466 0 0
41.09708926151052 40.98341770631183 0 0
42.54733598716654 42.29024162035506 0 0
47.36105399566078 46.89701278360986 0 0
57.13748563807857 56.926939839601 0 0
59.54217925478717 59.35766710932803 0 0
59.70267587486312 59.56929237487031 0 0
66.41879949898563 66.39782222952293 0 0
67.41374657385802 67.28975273802968 0 0
71.19814247934922 71.19009272915764 0 0
72.96023843935814 72.83599803744427 0 0
77.74459697477052 77.63956411057343 0 0
86.89091459099362 86.76716476908913 0 0
88.06359023814663 88.05285935422533 0 0
89.5843861143957 89.08583988534272 0 0
92.64455274954511 92.55337070255496 0 0
