# Status file for ctqmc. Used to save all times t_s, t_e.
2
18
8.721473230028433 8.691120093753277 0 0
13.7488864965815 13.51798372053285 0 0
14.1607656796219 14.06996294044908 0 0
25.03638668797614 24.98749916323549 0 0
27.22486194042748 27.22101620266585 0 0
36.72268553776384 36.62882388249117 0 0
38.95774759977037 38.5629463429328 0 0
39.21996730645275 39.035745965686 0 0
42.01552264736134 41.9424045998384 0 0
44.04373281997989 44.03448738294239 0 0
45.0570637946784 44.70224045492009 0 0
46.17787008220269 46.09468052907692 0 0
61.79675699366002 61.66312136067926 0 0
64.68756547395961 64.68629245925251 0 0
65.40812305318501 65.27463400263815 0 0
80.36553287036034 80.16711334690481 0 0
85.52481741439109 85.33678555771112 0 0
91.46228742711394 91.45593713549246 0 0
26
2.407190939623839 2.445005302335356 0 0
5.459307002769732 5.537159039062642 0 0
7.658815384333138 7.810220617611963 0 0
9.179255468667359 9.224764099543533 0 0
13.78618490616259 13.8655024757034 0 0
19.37212639615664 19.71047489891435 0 0
32.91148547870527 33.06397201852209 0 0
33.2295233541406 33.31310558686392 0 0
33.83572482914569 33.90390411810943 0 0
39.07652754511834 39.21437604268794 0 0
43.59456690378315 43.59810658979403 0 0
43.64579816282934 43.79284676496189 0 0
44.42479409470756 44.47935198389524 0 0
51.98046282379573 52.08754890126012 0 0
53.02322801686399 53.0868956225009 0 0
67.69801742136417 67.76047656078282 0 0
70.16840163472646 70.25125777402724 0 0
70.41025976896003 70.54957113859267 0 0
71.77786094889703 71.82812836716872 0 0
74.9198769373003 74.99855373750235 0 0
76.71010144552808 76.81143794260886 0 0
77.32308314788415 77.33870058145986 0 0
80.99517676316464 81.05150003697804 0 0
81.2690954592626 81.37174234090622 0 0
90.81976196086987 90.85540704125501 0 0
93.98948963029812 94.09803875638609 0 0
