# Status file for ctqmc. Used to save all times t_s, t_e.
2
36
2.180044526370359 2.253166088156792 0 0
4.38250317565235 4.612466994949662 0 0
10.32790571708479 10.39642304086156 0 0
12.69655950961054 12.80035391388199 0 0
18.73631659271037 18.79462977880998 0 0
19.77718106134159 19.93649253058045 0 0
21.88229238357385 21.98183866040219 0 0
25.3686471391596 25.38421872058764 0 0
25.86273535760743 25.96757845277731 0 0
26.82778134202454 26.85235653962009 0 0
32.97003411878703 33.15547665160838 0 0
33.41211813630634 33.46182181544706 0 0
33.98351272765067 34.06350647503368 0 0
34.55973032132006 34.69173404238058 0 0
35.33003804216754 35.42573291735221 0 0
35.43560503932343 35.55527020422343 0 0
35.67791122298825 35.70578417213154 0 0
36.2231724066021 36.35087434012698 0 0
36.52354727052315 36.5335356703031 0 0
39.98960289827451 40.17301320397966 0 0
43.96504806199552 44.26103713067916 0 0
54.56526257324788 54.68334844289363 0 0
58.05257862218493 58.15584966987933 0 0
58.7734424233083 58.83223129706226 0 0
59.71066899673807 59.77744661470334 0 0
61.39187441751496 61.49267932886514 0 0
65.71315856250602 65.77385292477095 0 0
71.12158719425419 71.12325548176598 0 0
82.6865944713262 82.73520468900989 0 0
84.05683031378452 84.10849719083222 0 0
86.1278227462978 86.26652972134532 0 0
89.02186231678587 89.0496273312922 0 0
90.11310443369923 90.2363423509989 0 0
96.08475533623935 96.12876599390231 0 0
98.16667654655309 98.23377175410687 0 0
98.64951918683045 98.87362752440363 0 0
21
7.465006680471321 7.421898551412938 0 0
13.89730086461453 13.71914119975519 0 0
18.9832184868397 18.80936267950103 0 0
26.06782092876926 25.85801375879621 0 0
31.43890504161327 31.05670820447 0 0
34.75835225893222 34.75525264364909 0 0
39.73093811508438 39.57437339418316 0 0
44.00311469707124 43.82415309188268 0 0
45.81349569821945 45.73035400310724 0 0
50.54375429699858 50.4753356307727 0 0
53.25744020284406 53.0557388923166 0 0
56.95077436512914 56.90328028903819 0 0
65.35075535540442 65.29582297689772 0 0
65.84194978877142 65.67926742564269 0 0
81.68856484102561 81.66726601866502 0 0
84.99849271367709 84.9752038007978 0 0
85.40288174176013 85.29584649370804 0 0
86.76397022667609 86.75582905999366 0 0
91.33997169494023 91.33730379687309 0 0
94.42747314979731 94.21239206974283 0 0
95.05215974238661 95.0352239707763 0 0
