# Status file for ctqmc. Used to save all times t_s, t_e.
2
26
0.823528964273907 0.8817752682123574 0 0
7.093143518109084 7.282969320440572 0 0
20.99129601485976 21.16469932173575 0 0
26.94632387083854 27.26998374752187 0 0
32.78744553301868 32.88268687627897 0 0
36.41042667865796 36.4971925728611 0 0
42.09880780925024 42.18368995113403 0 0
46.20436124402311 46.68709067097015 0 0
47.5698818380151 47.57770541292554 0 0
51.74109720537377 51.9222648820592 0 0
55.68971461343824 55.76410562468039 0 0
58.51063557912481 58.70208088010313 0 0
66.52801512289105 66.62154608191777 0 0
68.20759391167852 68.51074105076326 0 0
68.53981073223026 68.56260741828375 0 0
73.67004253392258 73.73233011834971 0 0
76.83564301723111 76.99164873885267 0 0
78.72352541051919 78.83570535000331 0 0
82.46017326858987 82.52835088173443 0 0
88.95338907347387 89.15354799451237 0 0
89.59323827616008 89.65567887755164 0 0
90.40262327997866 90.48808982109838 0 0
90.97488409964049 91.12806428088952 0 0
96.57728884502113 96.64125627717169 0 0
97.79467722697156 97.8039374325387 0 0
99.42032025228661 99.59942655130847 0 0
25
4.762179925612248 4.716293442053052 0 0
11.50117098347245 11.47267713392524 0 0
12.14595562589021 12.08085949221314 0 0
12.40709299445798 12.33357595632637 0 0
13.08457308313425 13.07383433399553 0 0
13.61727799301394 13.60564720580425 0 0
16.80806414238646 16.67314437436324 0 0
31.94525425508589 31.82670190577837 0 0
31.98244435208107 31.95518573678115 0 0
44.92428993718755 44.7826393842609 0 0
47.67395375665848 47.61661494686395 0 0
49.90821747070652 49.48812896151057 0 0
53.34823908928143 53.025848589982 0 0
57.51178181123517 57.39020859846944 0 0
58.11345746264219 57.98611662174062 0 0
58.64669661956169 58.56572071339681 0 0
63.85341290965825 63.67911903857134 0 0
65.44404536694891 65.43333115947809 0 0
67.49464771616587 67.39579166876833 0 0
74.41929031317144 74.33752527564006 0 0
76.37279573036754 76.36794978867667 0 0
89.36752349809802 89.34672258770982 0 0
94.37700533596018 94.34373316263145 0 0
98.48653214381788 98.428229367567 0 0
99.50445220866985 99.47784512346526 0 0
