# Status file for ctqmc. Used to save all times t_s, t_e.
2
27
0.8694428923627271 0.9962030753003717 0 0
5.863334691946711 5.946335113560882 0 0
9.414876909165896 9.534269000566182 0 0
15.86948797949445 15.8721915902691 0 0
22.56059810001545 22.64777994153281 0 0
26.43064300445687 26.46499362538521 0 0
29.41622251514156 29.42583438013845 0 0
29.58078999247144 29.69761831500618 0 0
32.28929463917633 32.29521283800166 0 0
35.89858586186501 36.05080398291401 0 0
39.04051414222845 39.05298848869582 0 0
41.22100259069487 41.24137651490196 0 0
48.36149016592736 48.37916343114058 0 0
51.35742474790787 51.50228731244916 0 0
51.78565808760635 51.92114520512646 0 0
54.33242522657733 54.37083206144834 0 0
54.67237827240073 54.9512489505041 0 0
55.06576003645578 55.15318836728146 0 0
58.39134403504916 58.40113370204705 0 0
60.92792949451236 60.94998603044818 0 0
66.57842582654509 66.63311552259358 0 0
70.60026551603468 70.74716133249254 0 0
79.83497295150308 79.86224644151478 0 0
86.3267024260938 86.43473103849144 0 0
87.97730468330342 88.074499601854 0 0
91.59969306448603 91.7662485840039 0 0
95.22244188023109 95.35400973248359 0 0
18
1.809813777153805 1.756663302566338 0 0
3.36739173779137 3.257235315033571 0 0
3.930580344777907 3.90107674729852 0 0
4.474088484971613 4.402571297846379 0 0
4.559868816936474 4.55775804145514 0 0
22.8739490440071 22.73458088625902 0 0
25.84636453785349 25.69442265224991 0 0
26.12948450236317 26.08972103498355 0 0
37.70545265299948 37.6115741232683 0 0
40.89973629809617 40.78385034195531 0 0
42.85799115157368 42.57002657460021 0 0
45.36359423309124 45.23134683105719 0 0
45.91968307840786 45.87451424290101 0 0
54.24975466826461 54.24270784557911 0 0
60.18132253035069 60.17164327867783 0 0
73.4620189159733 73.39466790988796 0 0
83.83506628494608 83.71833123508641 0 0
84.49261240188352 84.35032305263172 0 0
