# Status file for ctqmc. Used to save all times t_s, t_e.
2
31
7.678442272883916 7.627824987007262 0 0
9.53060976275002 9.395396098900083 0 0
12.98602766256958 12.7751599370012 0 0
14.13309113843856 14.06047878115868 0 0
17.06564557375684 16.96285419563571 0 0
24.28643246285928 24.24551131482464 0 0
25.46177518177425 25.41779628030136 0 0
29.54088442565498 29.45663836894499 0 0
29.72974274646823 29.55296757198714 0 0
38.39411961369149 38.09547482158163 0 0
38.61536787019934 38.61078253886087 0 0
42.15211953842466 41.9218789862734 0 0
44.13292692415035 43.95890579694201 0 0
48.65679061631158 48.44574116643238 0 0
51.68583690175042 51.59360226870892 0 0
52.17052175370456 51.78821173826235 0 0
54.18380644862862 54.03366808818208 0 0
56.78281457496353 56.6660594239623 0 0
63.0357194372226 62.61557929358922 0 0
68.87635405057644 68.75738834757674 0 0
76.16992188241782 75.93603694215309 0 0
81.94666064632349 81.58177376962922 0 0
82.90132727124902 82.77098826695249 0 0
83.19137612356432 83.14052473170474 0 0
86.24548424390636 85.97593922837618 0 0
88.08391465542952 87.91769696744139 0 0
89.01487569141604 88.78004667286407 0 0
98.24922935230265 98.17416759485113 0 0
98.42893831018719 98.42224495750197 0 0
98.7210797671261 98.53049417376656 0 0
99.10465392709413 98.8407677935366 0 0
29
0.898812745478736 0.909887334120307 0 0
2.627771194258481 2.757283592655703 0 0
7.122038509429919 7.153587450033567 0 0
11.50996823482303 11.9692729915207 0 0
19.30455991342583 19.55608625947281 0 0
26.19969876770378 26.21661815054459 0 0
28.28519965562519 28.59555322173416 0 0
34.38770371701016 34.42950416107257 0 0
36.97597107965033 37.05021559238284 0 0
38.11971779916876 38.50631764650243 0 0
41.2748386563071 41.3896489230898 0 0
42.87336760515009 42.91490557888897 0 0
44.41385373319515 44.68526302298084 0 0
49.17186242350582 49.53078275418594 0 0
51.86870316075433 52.10410111139984 0 0
53.27824515196378 53.67457419464718 0 0
53.70088021347159 54.11510925898063 0 0
54.83888263562902 54.88996498103369 0 0
55.98608994627372 56.01596114344317 0 0
61.42515501984197 61.47470085222956 0 0
62.48101032832279 62.76850615711904 0 0
63.56617352162549 63.58575405839531 0 0
66.91335383771732 67.05517324216503 0 0
72.74867153600296 72.89855246547758 0 0
73.68483455384421 73.7640989021815 0 0
75.21441441803336 75.37181796826353 0 0
77.39037291034974 77.39348529106668 0 0
82.33781097285211 82.67462245644103 0 0
88.6714720663598 88.94478752896684 0 0
