# Status file for ctqmc. Used to save all times t_s, t_e.
2
24
13.28058023428506 13.60335939543233 0 0
17.69940615924472 17.80199397478837 0 0
18.74593580730661 18.89315824036182 0 0
23.83559173044443 23.90186139353584 0 0
25.02581348946782 25.06364573385474 0 0
27.70846951561474 27.85804354342623 0 0
30.69050769690835 30.99318240768198 0 0
31.8666313917568 32.17815699437964 0 0
41.94803111853845 42.11354830619189 0 0
44.17806913941977 44.17952162452629 0 0
45.75080810464249 45.87892768316876 0 0
49.90562800536873 49.95830379007071 0 0
55.42553286330884 55.51697833477567 0 0
59.71427706873823 59.78365420823307 0 0
61.5059428563453 61.66143762359838 0 0
61.94573732796108 62.0926096347954 0 0
64.24476097667554 64.67558278899578 0 0
73.05098270307046 73.07167048213691 0 0
75.97897006210026 76.19110255483335 0 0
76.90004762801343 76.909469952053 0 0
78.42455062837587 78.48485120662248 0 0
79.87404432068693 79.89612517598388 0 0
89.98761430029987 89.98945810251617 0 0
98.7342257892624 98.77019253742257 0 0
27
7.45765257789202 7.205944994969045 0 0
9.19062103728092 8.905183056893677 0 0
13.64343912424267 13.36812042472651 0 0
17.811596648662 17.57119519738685 0 0
20.4717671546001 20.36469721598073 0 0
25.69057728618122 25.52827627115586 0 0
27.59798232247776 27.37038897633279 0 0
33.98604954837005 33.95534055639875 0 0
39.58420994749583 39.47883732439551 0 0
47.04411338199271 46.81248645219737 0 0
50.27295935532663 50.20652731764822 0 0
57.1963027169629 57.09911172790903 0 0
58.56852253647691 58.53528090966876 0 0
60.46785239157388 60.43222551024082 0 0
61.02999527070675 60.950019917017 0 0
61.94891143531577 61.82184407398714 0 0
64.676313583416 64.39305659858252 0 0
69.60077128989816 69.42311001239342 0 0
69.86228447461984 69.82428080592696 0 0
73.20793730522624 73.05062876294065 0 0
76.1539821857065 75.93616562977012 0 0
78.87717870682719 78.85335063314814 0 0
79.53829622646239 79.50995239773896 0 0
81.92828220877266 81.9124992940213 0 0
87.14559030546968 87.14380432311448 0 0
92.02018564334355 91.87304048890437 0 0
98.31781311268517 97.98814881247024 0 0
