# Status file for ctqmc. Used to save all times t_s, t_e.
2
24
0.6372506057035281 0.8628740494871607 0 0
15.52332505022051 15.83080738581627 0 0
19.06595008100323 19.08529794511318 0 0
23.40458276560202 23.45893766326306 0 0
26.09574070565892 26.30719483129152 0 0
26.64299474297015 26.83900190300185 0 0
33.35446034503197 33.43885416156333 0 0
39.55960794889489 39.70916096090038 0 0
42.33442543188595 42.33567188118626 0 0
43.92674493524891 43.9444664547299 0 0
45.93375550625274 46.0339180278946 0 0
48.22564639071096 48.28227965425857 0 0
48.49826449541267 48.49884247778511 0 0
51.59294008079976 51.73052061643263 0 0
54.51728956037428 54.66695066846612 0 0
64.63486057648367 64.86680934284726 0 0
70.78200259436602 70.92867434171072 0 0
91.27494881582086 91.42736322234032 0 0
92.63467684274011 92.6629688385147 0 0
94.55172513686622 94.74352770183344 0 0
95.15582258941501 95.24756748227723 0 0
96.36135710700643 96.40653620072425 0 0
96.42438420593065 96.42896491874971 0 0
99.0468850397492 99.05435529930222 0 0
31
10.96223108926287 10.93908479411787 0 0
15.61234199310583 15.44160289803969 0 0
20.14672476076088 19.89458590808817 0 0
21.15642214231105 21.07768233872341 0 0
24.35746153554155 24.32954892135017 0 0
30.83028951256685 30.81117886656969 0 0
34.67892530054058 34.4603907446878 0 0
36.94998335523734 36.9255244099512 0 0
37.55267425681416 37.44712025124851 0 0
43.39971590334179 43.38206928371876 0 0
49.27128841160214 49.24016505126623 0 0
53.30629180476524 53.13163386306464 0 0
55.8377423759435 55.80518132827486 0 0
62.076204067134 61.53410602150687 0 0
63.87760636117841 63.74286247053153 0 0
64.84304063636475 64.5781484138995 0 0
72.43381640420371 72.3790755696911 0 0
74.33650174379152 74.24365335144863 0 0
74.41208076584475 74.36094169929243 0 0
77.51145117908784 77.38846572224472 0 0
82.7546512860342 82.73433523913418 0 0
87.25172172282203 87.0044934065196 0 0
87.33617554300611 87.25441425040805 0 0
87.42040110041729 87.38206766336489 0 0
90.20235998720263 90.07911014243798 0 0
94.14402440228719 93.8914147105377 0 0
94.41785764484656 94.18143475933202 0 0
94.7738325739881 94.55158046887772 0 0
96.18205216848959 96.10533275775563 0 0
96.72819736155107 96.53449761926363 0 0
97.28102978109079 97.27988136835162 0 0
