# Status file for ctqmc. Used to save all times t_s, t_e.
2
16
1.219529092286231 1.243337867677212 0 0
3.576312612275174 3.625030493936944 0 0
4.941383958150755 5.141579040062186 0 0
6.088354864628286 6.264987110888395 0 0
17.04710354908796 17.06860565412571 0 0
27.35413092517722 27.54321831344751 0 0
42.37047470121072 42.45433032897915 0 0
47.99384849806111 48.03922016548558 0 0
48.6538802669706 48.73230585599347 0 0
50.72643612291555 50.84720979866746 0 0
58.85016062853801 58.93373703747209 0 0
71.4753770388466 71.61473655439163 0 0
73.11088040328733 73.11434883370653 0 0
73.39795194911923 73.39901404720158 0 0
77.5787536501539 77.61574861479619 0 0
99.32594466098551 99.3769798981357 0 0
22
6.526195591360667 6.055743187064551 0 0
11.05768189623081 11.02805623619582 0 0
11.56551216984417 11.54530157038072 0 0
11.59345275958322 11.57799785612312 0 0
13.44437077568295 13.42316547752463 0 0
14.34628376812626 14.32687519668762 0 0
17.46070416862971 17.2505363830927 0 0
20.71149225236545 20.70122364633359 0 0
20.98481179706859 20.82934709895977 0 0
24.16791514177094 24.03524886358203 0 0
24.28322986145643 24.22472556066841 0 0
32.90827606299377 32.77879203152839 0 0
33.32801899243129 33.25515070257864 0 0
37.58446585774521 37.57684995645946 0 0
47.6273857501027 47.52227250559834 0 0
49.60391406969292 49.56941864413947 0 0
52.50773105939422 52.2593097812953 0 0
56.46061111180266 56.33457262372502 0 0
59.09976070675793 58.997642729208 0 0
65.86279849292582 65.80322781376485 0 0
78.27528423788708 78.26862812795166 0 0
85.24415040707377 85.08770457351133 0 0
