# Status file for ctqmc. Used to save all times t_s, t_e.
2
36
1.603649526906338 1.526645422998286 0 0
4.67740494199421 4.498919566554902 0 0
8.356760126927842 8.34690449910649 0 0
8.753191419061711 8.679887641083718 0 0
13.11741166536363 13.11586341757102 0 0
15.09802546138877 15.06817803052705 0 0
19.9055224885818 19.81178044254995 0 0
23.50817566354715 23.35951060086176 0 0
27.45762198334055 27.36285194799944 0 0
30.19598201410712 30.16858427355221 0 0
31.67247603931376 31.59508197791772 0 0
34.71152163216331 34.57552848619475 0 0
36.74770756688849 36.6906795325482 0 0
39.18087931408554 39.0715092563452 0 0
39.49646228557159 39.23393403064845 0 0
40.11546086869757 39.98423028632176 0 0
44.06856288386579 43.86737022046946 0 0
46.28324700205743 46.24569269915794 0 0
49.12680397017244 48.94616507540017 0 0
63.95671391929158 63.87296314876493 0 0
64.86583979993374 64.57551409453689 0 0
69.82672374463941 69.78969845657333 0 0
70.11650257213789 70.07680080047267 0 0
71.39778355176905 71.30641241682703 0 0
73.76195452941334 73.66393634500086 0 0
78.12855416678798 78.09556845819203 0 0
79.14359504897004 79.05190536714058 0 0
79.61849016304309 79.30097909859326 0 0
82.35655521475421 82.25112335249584 0 0
85.79097795555865 85.69213132603863 0 0
91.30232177661873 91.25393251636226 0 0
91.84871450821051 91.70125362282231 0 0
94.04666370085859 93.9948815169265 0 0
97.6659733412605 97.65171527631465 0 0
98.38483823633578 98.26174015879491 0 0
99.62720834333562 99.42826143171806 0 0
25
0.08661140199973261 0.1585444550473625 0 0
6.554240863959576 6.676006060774219 0 0
7.131433261703727 7.135268265505461 0 0
10.37067488906296 10.53499138035929 0 0
17.96140559799397 18.27010413723758 0 0
22.00592741523347 22.08023471254835 0 0
23.75924549235453 23.80054602591461 0 0
24.21748069952165 24.33702624464991 0 0
30.15023279740087 30.15736533833037 0 0
30.40963125834209 30.43236714404273 0 0
37.9848625544165 38.20470699175019 0 0
43.38334025814962 43.60198395573195 0 0
50.70958932252147 50.73296138735623 0 0
56.18542853799779 56.20604754588669 0 0
59.73315406012689 59.75678054363474 0 0
66.10780987171951 66.42024457835905 0 0
66.77191669430417 66.78327933412326 0 0
69.78939841836542 69.83880400154671 0 0
76.40471715204319 76.44552896970708 0 0
76.7749073082432 76.80645497042373 0 0
78.48601264059263 78.6188072102768 0 0
90.5155728235287 90.59189715718718 0 0
95.28574773975714 95.3569985749107 0 0
95.55023440287653 95.55422427594549 0 0
96.20457684941933 96.32345207710024 0 0
