# Status file for ctqmc. Used to save all times t_s, t_e.
2
27
4.545620931822065 4.354238280992615 0 0
12.6686647792954 12.62837243522712 0 0
18.16364607469623 18.0405831751085 0 0
19.24869182367742 18.4794856318094 0 0
21.50457368692572 21.4734631652734 0 0
24.50780734703329 24.35418862419064 0 0
26.01432393534201 25.99509228797856 0 0
34.03738201323677 33.94475920146494 0 0
36.11546731667821 36.00397086838402 0 0
37.30488699527593 37.15821900756836 0 0
37.56452486599395 37.51183052988908 0 0
48.10337177288277 48.09121536593126 0 0
50.69281701461114 50.40326179659473 0 0
53.13590282533606 53.12093083342322 0 0
58.47308897027057 58.24448441795725 0 0
59.78992989586842 59.75517955671688 0 0
61.16234816730499 61.12917685150459 0 0
70.98385771086542 70.83254733814026 0 0
75.19034871385438 75.01440154053746 0 0
78.8894953286506 78.79731313523513 0 0
82.99526633125848 82.94540969197003 0 0
85.95589841772248 85.81782993699636 0 0
86.6253812039478 86.52566169406951 0 0
86.75608032436858 86.75508853580435 0 0
91.96412622904118 91.72744357682438 0 0
98.18888285109919 98.17113731309752 0 0
98.49539601812479 98.45822789081006 0 0
27
2.785453707910609 2.84231219193218 0 0
6.292661429781772 6.404254491856048 0 0
18.49348159043244 18.78786752374993 0 0
19.07999663804257 19.16584761372708 0 0
23.55432419791548 23.56080747424678 0 0
23.73261303961135 23.89086577952397 0 0
25.2716693811849 25.62659914511492 0 0
33.59147442236195 33.73199472689555 0 0
33.91792672548092 34.10347390926479 0 0
37.93168065379514 37.94915598477127 0 0
39.49170958509303 39.55282253233679 0 0
40.4377012512308 40.57545790482705 0 0
43.61672103820936 43.71522975399282 0 0
50.9184517017294 50.91935101582757 0 0
57.79158942300742 57.79394505661887 0 0
59.60340960646103 59.70121322828373 0 0
62.78617509858429 62.89733355486275 0 0
64.07382913913582 64.09475811393983 0 0
71.66522006923519 71.83163018837426 0 0
75.02864179011456 75.04418584343101 0 0
76.7368203184417 76.81217237244168 0 0
78.37006157957303 78.38338598747413 0 0
78.98499460185576 78.99900389448543 0 0
85.65332511885259 85.69645691758878 0 0
88.6835526541788 88.72359418715043 0 0
88.81632340184579 88.95164325449691 0 0
93.2781850182074 93.44392844979764 0 0
