# Status file for ctqmc. Used to save all times t_s, t_e.
2
20
2.109423273888154 2.177829421546458 0 0
6.032070928810533 6.112491616765041 0 0
24.06192351616893 24.24965759251511 0 0
30.47957717220398 30.56790702462611 0 0
36.79881614573828 36.83866019385908 0 0
38.98657861278009 39.06335754457437 0 0
39.71015735131378 39.81586848198109 0 0
41.56236733885738 41.59012622912814 0 0
41.83987975550507 41.89922306337922 0 0
48.21022540406221 48.22549018861927 0 0
49.74321047815805 49.89189266996909 0 0
60.7428234516501 60.77097852958747 0 0
65.30771943704286 65.42843465801992 0 0
71.18119977793256 71.24133161313107 0 0
81.76657672026293 81.8700455063647 0 0
81.99407234954668 82.06198733973504 0 0
82.25028282333169 82.39097667780941 0 0
83.557964302573 83.65674714183626 0 0
84.50245199645543 84.68265076243934 0 0
96.3685547137737 96.45657649035934 0 0
27
2.018271796074334 1.995053432795498 0 0
13.49923950424821 13.46294416074789 0 0
19.91764765062318 19.45638667353116 0 0
20.10773348924135 19.95861740054205 0 0
26.5695500619523 26.4912657319275 0 0
31.3198022805819 31.28833495453097 0 0
33.0379053304923 33.00815476558351 0 0
36.02562030768338 35.88683763321574 0 0
42.88614632863072 42.66157109972103 0 0
43.24031840602834 42.91020508935459 0 0
45.19426315828319 44.94828564422943 0 0
46.29266246795176 46.28771082635637 0 0
50.88756199486987 50.87788598976847 0 0
54.9173449976685 54.91120973630211 0 0
56.42236781550412 56.26315795526526 0 0
65.904164525433 65.87945569754218 0 0
66.40091534632936 66.12408439240654 0 0
67.71920135741487 67.67546302285514 0 0
71.14467407498029 71.04196727362802 0 0
73.7702295798108 73.68934181603764 0 0
77.33059051445919 77.16593227699073 0 0
79.39109607328065 79.27662563295584 0 0
83.673549029033 83.51995418357093 0 0
90.100733488785 90.00740551716618 0 0
92.37744510558385 92.08410371303917 0 0
94.29704201933777 94.2683438614329 0 0
95.50968597279257 95.44053514905482 0 0
