# Status file for ctqmc. Used to save all times t_s, t_e.
2
29
2.099268868814856 2.006029960779297 0 0
2.611364910710613 2.364423081514812 0 0
7.122579587355258 7.056909453194247 0 0
9.562142826284905 9.518821054621649 0 0
10.14847660899777 10.13394057717268 0 0
13.04019394205723 12.99217789650649 0 0
14.58891361171745 14.43701507510171 0 0
18.2919552831587 17.88469944095699 0 0
25.87138820455386 25.77622245781632 0 0
26.12320250984618 26.10783619309717 0 0
27.51564404805114 27.46414747319697 0 0
29.15744311595851 28.97377285489084 0 0
33.21902801907623 32.71640232586098 0 0
34.95134173008512 34.94446519470613 0 0
38.59234244194641 38.28741532250838 0 0
50.65788446079334 50.62444141043167 0 0
50.71861824447662 50.70853669844008 0 0
55.36971894144916 55.34337427750692 0 0
58.17003416106687 57.81535044756371 0 0
63.80676604730195 63.64110651368902 0 0
75.34683657925737 75.32914898879834 0 0
75.73115448337634 75.6698690029766 0 0
77.64379146521148 77.61170846115952 0 0
81.79564667205179 81.76192157095808 0 0
85.07320953866328 84.83324332530148 0 0
93.4312844736661 93.27777196904763 0 0
94.43135315172202 94.33035600235259 0 0
95.84600177441548 95.83672061286201 0 0
97.57634461600871 97.54620557651519 0 0
27
1.101712545927299 1.197153395541648 0 0
5.565419977072996 5.632605586467688 0 0
7.286849673347913 7.374446440172072 0 0
13.77025180577763 14.01524850288229 0 0
16.7165420440307 16.83431597366995 0 0
24.14439742119073 24.26778194481661 0 0
25.93633398841058 25.9697438441138 0 0
32.64316761776554 32.97135230679346 0 0
35.11766425698284 35.15942787254671 0 0
35.55326615884565 35.57508472101922 0 0
35.97210115432971 36.05297789305617 0 0
36.71540981647953 36.83260219607816 0 0
43.1624744428962 43.28549911268135 0 0
45.71495328908883 45.80846370760289 0 0
48.78271805240347 48.78499082385136 0 0
53.9373517669256 53.93922809081828 0 0
54.3760559568242 54.40318999109691 0 0
56.97997232378241 57.06151143383354 0 0
58.13085009261603 58.32254410192092 0 0
60.06329434565249 60.37689695862269 0 0
78.17254841057849 78.21178885642924 0 0
79.87049216062648 79.96443566757229 0 0
89.23861654500089 89.27058276977856 0 0
92.16950150635728 92.20236569843509 0 0
92.52925223006849 92.60595803428609 0 0
95.03827211291333 95.05886929834301 0 0
99.17747607150402 99.21969914690359 0 0
