# Status file for ctqmc. Used to save all times t_s, t_e.
2
27
1.485414421497706 1.539212837322707 0 0
5.659379898385367 5.710784961353511 0 0
10.39409700296383 10.44705432010596 0 0
16.98274393274312 17.11081522174708 0 0
17.63831265399434 17.65899156524258 0 0
18.90084094477688 19.02738556205301 0 0
35.46631190311236 35.73439712564667 0 0
36.51111380304592 36.85518257014468 0 0
38.291331813054 38.31744988453348 0 0
41.86151435724314 41.99841805530372 0 0
42.75841406589373 42.81854039875099 0 0
44.54647519388142 44.64907213068052 0 0
52.72165929565888 52.96393176638617 0 0
55.65115030084513 55.71865147318321 0 0
57.42708658855658 57.63240744111889 0 0
57.73145646969783 57.73661731626235 0 0
59.52674829822768 59.73221917159473 0 0
61.72293639479381 62.09903370785382 0 0
64.11913377854562 64.15260872345215 0 0
66.9797047164184 67.25506929685294 0 0
82.04684931196869 82.13556576399327 0 0
82.6348051357932 82.6393529089261 0 0
84.99690670208389 85.07690325822713 0 0
85.26524853247876 85.27957790969252 0 0
94.43774852195547 94.43783399908585 0 0
94.66561641272651 94.96510907855905 0 0
98.61913538070696 98.67357352300687 0 0
22
1.020467780273364 0.9552379503577713 0 0
17.03082796863283 16.6696393455973 0 0
17.98939411370008 17.93452710979996 0 0
21.56308830154961 21.51968064754783 0 0
23.08507402423149 23.0589848522985 0 0
25.06495583074986 24.96373216366754 0 0
31.58922834803166 31.44398378095381 0 0
35.54413080927019 35.49117925249458 0 0
39.15390926435568 39.11177726682469 0 0
43.64616323591947 43.38716141631461 0 0
57.50002785133812 57.37096330249655 0 0
58.19660253479408 58.1350446845375 0 0
59.57465773343234 59.56368037343348 0 0
60.25821698776179 60.07733850943798 0 0
62.11699606443837 61.70735411593087 0 0
72.47079408074617 72.41961643857138 0 0
80.36612558725268 80.10012004630315 0 0
86.04494147178703 85.98347285177367 0 0
88.85969549356891 88.63147495162161 0 0
90.1625520798584 90.12966485576565 0 0
96.01122360333152 95.82728341143725 0 0
97.18524630386447 97.15561346667518 0 0
