# Status file for ctqmc. Used to save all times t_s, t_e.
2
19
1.197804309129069 1.148669314252999 0 0
6.591326610243519 6.454582092310978 0 0
13.00708763527461 12.88307594314383 0 0
13.81540690582248 13.59730284467592 0 0
14.92301988735844 14.79591946853617 0 0
23.3332771614284 23.24927755752957 0 0
32.7714059413763 32.74700373507908 0 0
35.14632232980322 35.13212938618497 0 0
40.66953415486891 40.56322154319818 0 0
50.26070434999651 50.20444725994165 0 0
64.24254998777182 64.08900244709783 0 0
67.31404769176469 67.16776939357882 0 0
68.26192666148941 68.19724373211606 0 0
71.02897876956928 70.67684597349606 0 0
73.0386092444319 73.02450166351696 0 0
73.28786527628314 73.22385288765003 0 0
80.23267466257708 79.94572072056108 0 0
97.02131489726295 96.90711605636712 0 0
97.38006085178583 97.36611585500108 0 0
23
2.760368128563973 2.813012834176405 0 0
4.012985918437999 4.096356356605471 0 0
5.852542156822336 5.912554183830411 0 0
6.289535113297714 6.361926056546389 0 0
8.386320365013169 8.442393554269955 0 0
12.2862534705519 12.29586933216979 0 0
14.05905572011257 14.06550989734895 0 0
19.88983965569171 20.18052092471437 0 0
35.96968518559808 36.03705403554924 0 0
36.4287439546306 36.4637432566444 0 0
36.7135848367701 36.72515087333711 0 0
42.22379938675036 42.27005145786789 0 0
46.93343744081075 47.10182253544697 0 0
50.26973563371013 50.30284481633404 0 0
53.13204320859995 53.16518114730333 0 0
60.76450230500384 60.76483311607003 0 0
68.15144881434767 68.1865497793666 0 0
70.87090568788675 70.90599386793629 0 0
71.74905828992742 71.85270072567836 0 0
72.95076869908161 73.14525478566077 0 0
86.80917032177234 86.88791803668266 0 0
87.3464349342285 87.41363789653566 0 0
97.91876185973717 97.92611327020647 0 0
