# Status file for ctqmc. Used to save all times t_s, t_e.
2
25
3.861340937700007 3.917110018296219 0 0
3.938323786541291 3.988632226872411 0 0
5.474466891145198 5.552597387737063 0 0
6.913028981423841 6.933010557790352 0 0
8.086812720841841 8.231527879254189 0 0
10.49598546335743 10.72896675468585 0 0
19.74737866573678 19.79991378908294 0 0
21.08899205141517 21.15789041750681 0 0
24.97017849963131 25.04687205144104 0 0
25.80779965484389 25.85710156915591 0 0
26.40833832945127 26.43631125964252 0 0
27.54770413823636 27.68695254242159 0 0
31.77632867635889 31.84534488933816 0 0
34.72492475228444 34.89347641660491 0 0
35.92550771862802 35.99578809405539 0 0
37.75451326832208 37.82897033235778 0 0
46.38641169149791 46.68551059772851 0 0
57.99004805827582 58.06431887878584 0 0
67.72725676165722 67.76054050313428 0 0
68.3909624801291 68.47904969047828 0 0
69.24556389586952 69.317665824187 0 0
85.07714538251527 85.11152597548447 0 0
91.20777353982875 91.35611546268532 0 0
95.50935938317264 95.52548691606484 0 0
99.95644930075467 99.96665505544161 0 0
23
0.329188800654677 0.3134800121212606 0 0
19.3392959408664 19.21440011391163 0 0
20.59860829161319 20.57033818261058 0 0
21.22666935906247 21.162497501526 0 0
38.12789576658383 38.02579546859459 0 0
40.80612851978977 40.75519999931773 0 0
45.94801099570716 45.78251034820963 0 0
46.56589577307594 46.37869601423709 0 0
53.78354851283882 53.62539616393186 0 0
57.93719647303838 57.63121578824661 0 0
60.7808147200718 60.76734825968661 0 0
66.8107237600627 66.67753590918687 0 0
68.98252797060198 68.93899255764724 0 0
71.20965801698607 71.18360809354132 0 0
71.5489061839202 71.46179419496895 0 0
78.96326553549082 78.92873916041292 0 0
79.80791426007295 79.73159560902371 0 0
84.267583342233 84.1084285190561 0 0
85.48448186599289 85.48210337030925 0 0
91.20694496731485 91.11013529636973 0 0
91.54102049379026 91.37138954236308 0 0
93.4898013694997 93.48343244905578 0 0
97.66554452739541 97.47203098712561 0 0
