# Status file for ctqmc. Used to save all times t_s, t_e.
2
30
2.861928987937119 2.850130266429346 0 0
10.48416909411296 10.41634694503369 0 0
13.6761181691087 13.58428798999822 0 0
14.26283505365229 14.24420786113762 0 0
14.99097607437613 14.98144046560037 0 0
16.47346438179616 16.4419607367934 0 0
19.68586599072038 19.52795944029301 0 0
22.14610439755593 21.94252721473515 0 0
22.19307076962527 22.15594263182734 0 0
23.02586713787516 22.86238668986467 0 0
25.27647584171052 25.26520384882454 0 0
27.81918438921083 27.53138027017743 0 0
28.4519492775924 28.38006255747127 0 0
35.89388795229632 35.78410457009532 0 0
37.97590518007794 37.83940567165364 0 0
48.7596916038627 48.44989933720321 0 0
53.63939158093744 53.58272967627114 0 0
55.60606552249507 55.56536081339836 0 0
57.3556735706097 57.22576488105658 0 0
62.38820686612315 62.32943193381715 0 0
70.85264917849119 70.82585351000749 0 0
74.96931261481569 74.90132508720201 0 0
75.81057882355391 75.79132334146098 0 0
81.72014409323529 81.57033156479139 0 0
83.24276887753855 83.23303476483461 0 0
84.73339436568284 84.44412694250423 0 0
85.13079278611798 85.12650692508629 0 0
87.97508134977525 87.85892495930528 0 0
89.90599679632864 89.89974478306101 0 0
99.84160475780713 99.74185021227241 0 0
33
2.379617660338906 2.561963057543531 0 0
3.656054157021415 3.725808022479967 0 0
5.750116999933467 5.780770437758618 0 0
5.92322257576189 5.927758718341604 0 0
10.50274739903481 10.55250851588469 0 0
12.51640384320732 12.51958980353269 0 0
12.89749160556612 13.03092025854796 0 0
13.614940653325 13.6655517644721 0 0
17.44262433251813 17.51659823720016 0 0
18.52831646218206 18.54133531192344 0 0
21.99188600368222 22.21327961268648 0 0
22.82853895893065 22.85281735989457 0 0
22.89565234268057 23.02309384303507 0 0
23.9463368902023 24.00927441537681 0 0
27.56536642142904 27.77799079050786 0 0
28.50515658667367 28.51676247599868 0 0
32.54061504614603 32.68375854801483 0 0
33.87545047099444 33.9137623752635 0 0
35.69678104857959 35.80061608250801 0 0
43.53781427383815 43.56516038231435 0 0
47.71331809362501 47.80819260273041 0 0
47.94557090882806 47.97412090149173 0 0
50.28605756425967 50.29379751687265 0 0
51.34669220492623 51.37531487513127 0 0
53.63497230914712 53.64071127045946 0 0
55.76408592312629 55.97143083418565 0 0
59.26827090307841 59.42369952694497 0 0
59.51928496835529 59.58355271333111 0 0
82.85249794182717 82.865504675086 0 0
86.68538744226561 86.77764222687266 0 0
90.48263836681284 90.48969509526324 0 0
97.66288819152874 97.85121076462249 0 0
99.73292031100392 99.93065416186654 0 0
