# Status file for ctqmc. Used to save all times t_s, t_e.
2
23
0.8553585072452481 0.9599278936277529 0 0
3.806463980228319 3.807099853395005 0 0
14.99515108394526 15.17839626936913 0 0
15.50915495516795 15.6042918969756 0 0
19.27805651467667 19.33016208249456 0 0
24.98582036747942 25.08096212945164 0 0
29.43470023042442 29.52429954326989 0 0
36.85625617000986 37.05807863571557 0 0
38.87421468243802 38.98807523114323 0 0
39.88434559147716 39.93540014178812 0 0
40.51720326204506 40.67304358262086 0 0
44.18628577289253 44.19847370022355 0 0
49.97774056942558 50.09902976924393 0 0
53.5792209276222 53.73944018749439 0 0
54.32611816443947 54.68477415231686 0 0
55.49220617315301 55.50042717545273 0 0
59.83223617505231 59.90730233692975 0 0
66.16492509804544 66.20312275896445 0 0
73.41463528763084 73.49757148741958 0 0
74.71464754884221 74.74773768508177 0 0
80.68887047472934 80.76302875074217 0 0
90.24420041688823 90.28677850240277 0 0
96.82089586297029 96.83018229114488 0 0
20
5.410128710921234 5.392213603586228 0 0
11.00543009779304 10.96150240739896 0 0
12.05591932917696 12.02198859503165 0 0
25.38477662930174 25.35606143265145 0 0
27.50138711529058 27.32709129052497 0 0
36.63475931349386 36.622985743434 0 0
39.14661091410131 39.13515771119883 0 0
52.70315641181163 52.6735284721058 0 0
52.96365312771725 52.94763553735053 0 0
54.43424630883178 54.39461502716562 0 0
57.04321804248525 56.94796864108002 0 0
69.88288044279565 69.77425612100691 0 0
74.31618356507981 74.07110467619003 0 0
75.2133175316924 75.152633486696 0 0
75.37262784677343 75.36584574073817 0 0
81.48150660450365 81.44514487108209 0 0
83.4103613807216 83.22673954242951 0 0
86.93585919442351 86.85834552160446 0 0
92.31533528158219 92.25317888380017 0 0
95.79962097449841 95.63859410530104 0 0
